0 0.5750000000000001 0.7328125 0.5805555555555556 0.721875 0.6 0.715625 0.6027777777777777 0.690625 0.6305555555555555 0.68125 0.6222222222222222 0.675 0.6305555555555555 0.671875 0.5972222222222222 0.615625 0.5805555555555556 0.6140625 0.5555555555555556 0.6390625 0.5472222222222223 0.6609375 0.5611111111111111 0.665625 0.5638888888888889 0.7203125 0.5750000000000001 0.7328125
0 0.7166666666666667 0.6234375 0.725 0.6265625 0.7194444444444444 0.5890624999999999 0.7722222222222223 0.5703125 0.75 0.5609375 0.7472222222222222 0.5499999999999999 0.7333333333333334 0.546875 0.7138888888888888 0.55625 0.6916666666666667 0.5921875 0.688888888888889 0.615625 0.7027777777777778 0.6234375 0.6916666666666667 0.6296875 0.7166666666666667 0.6234375
0 0.725 0.5453125 0.7222222222222222 0.5390625 0.7027777777777778 0.5453125 0.6805555555555556 0.5765625 0.6777777777777778 0.6015625 0.688888888888889 0.6046875 0.6916666666666667 0.5812499999999999 0.725 0.5453125
0 0.6166666666666666 0.5578124999999999 0.6361111111111112 0.5343749999999999 0.6361111111111112 0.521875 0.6111111111111112 0.496875 0.6027777777777777 0.496875 0.5805555555555556 0.5281250000000001 0.5916666666666667 0.5703125 0.6027777777777777 0.5734374999999999 0.6083333333333334 0.5875 0.6166666666666666 0.5578124999999999
0 0.5555555555555556 0.5656249999999999 0.5694444444444444 0.5640625 0.5777777777777777 0.521875 0.5694444444444444 0.496875 0.5527777777777778 0.496875 0.5333333333333333 0.5140625 0.5416666666666666 0.5234375 0.5444444444444444 0.584375 0.5555555555555556 0.5656249999999999
0 0.5055555555555555 0.428125 0.4861111111111111 0.4390625 0.4861111111111111 0.48125 0.49722222222222223 0.49375 0.5166666666666666 0.4421875 0.5055555555555555 0.428125
0 0.5499999999999999 0.4453125 0.5388888888888889 0.421875 0.5305555555555556 0.41875 0.5222222222222223 0.4234375 0.5194444444444445 0.4765625 0.5305555555555556 0.4796875 0.5361111111111111 0.4578125 0.5499999999999999 0.4453125
0 0.5944444444444444 0.4265625 0.5777777777777777 0.4375 0.5805555555555556 0.4796875 0.5972222222222222 0.4859375 0.6138888888888888 0.4421875 0.5944444444444444 0.4265625
0 0.6472222222222223 0.4359375 0.6361111111111112 0.4125 0.6166666666666666 0.4140625 0.6222222222222222 0.4203125 0.6111111111111112 0.4359375 0.625 0.478125 0.6472222222222223 0.4359375
0 0.6111111111111112 0.3875 0.6111111111111112 0.4296875 0.6333333333333334 0.4078125 0.6222222222222222 0.384375 0.6111111111111112 0.3875
0 0.5972222222222222 0.340625 0.5916666666666667 0.3578125 0.6111111111111112 0.365625 0.6111111111111112 0.334375 0.5972222222222222 0.340625
0 0.5916666666666667 0.3890625 0.5944444444444444 0.3984375 0.6 0.4015625 0.6027777777777777 0.4015625 0.6083333333333334 0.396875 0.6083333333333334 0.3921875 0.6111111111111112 0.390625 0.6083333333333334 0.3875 0.6083333333333334 0.38125 0.6111111111111112 0.3796875 0.6138888888888888 0.36875 0.6111111111111112 0.365625 0.6 0.359375 0.5944444444444444 0.3625 0.5944444444444444 0.365625 0.5888888888888889 0.371875 0.5888888888888889 0.3875 0.5916666666666667 0.3890625
0 0.5444444444444444 0.3859375 0.5472222222222223 0.403125 0.5499999999999999 0.4046875 0.5499999999999999 0.409375 0.5555555555555556 0.409375 0.5611111111111111 0.403125 0.5666666666666667 0.384375 0.5722222222222222 0.3796875 0.5722222222222222 0.3734375 0.5638888888888889 0.3671875 0.5638888888888889 0.3625 0.5611111111111111 0.359375 0.5555555555555556 0.359375 0.5499999999999999 0.365625 0.5416666666666666 0.3703125 0.5388888888888889 0.375 0.5416666666666666 0.3765625 0.5416666666666666 0.384375 0.5444444444444444 0.3859375
0 0.4861111111111111 0.421875 0.4916666666666667 0.425 0.5027777777777778 0.421875 0.5055555555555555 0.40625 0.5138888888888888 0.4 0.5138888888888888 0.390625 0.5111111111111112 0.3890625 0.5083333333333333 0.3828125 0.5 0.3796875 0.49722222222222223 0.375 0.4944444444444444 0.3734375 0.4888888888888889 0.3765625 0.48055555555555557 0.3859375 0.48055555555555557 0.403125 0.4861111111111111 0.4078125 0.4861111111111111 0.421875
0 0.4444444444444444 0.3984375 0.4416666666666667 0.4015625 0.4416666666666667 0.40625 0.4527777777777778 0.4171875 0.4527777777777778 0.421875 0.4583333333333333 0.425 0.4583333333333333 0.415625 0.4611111111111111 0.4140625 0.4638888888888889 0.40625 0.4694444444444445 0.4 0.4694444444444445 0.3890625 0.4722222222222222 0.3875 0.4583333333333333 0.371875 0.4527777777777778 0.3734375 0.4527777777777778 0.375 0.4444444444444444 0.38125 0.4444444444444444 0.3859375 0.4416666666666667 0.3875 0.4416666666666667 0.396875 0.4444444444444444 0.3984375
0 0.4305555555555556 0.446875 0.4333333333333333 0.465625 0.4388888888888889 0.4703125 0.4444444444444444 0.4703125 0.45 0.4640625 0.45 0.4515625 0.4555555555555556 0.446875 0.4583333333333333 0.428125 0.4527777777777778 0.4234375 0.45 0.4140625 0.4416666666666667 0.409375 0.4361111111111111 0.4125 0.4333333333333333 0.4171875 0.425 0.4234375 0.425 0.4265625 0.4222222222222222 0.428125 0.4222222222222222 0.440625 0.4305555555555556 0.446875
0 0.5499999999999999 0.3421875 0.5499999999999999 0.321875 0.5444444444444444 0.315625 0.5361111111111111 0.315625 0.5333333333333333 0.3171875 0.5305555555555556 0.3203125 0.5305555555555556 0.3421875 0.5388888888888889 0.3453125 0.5499999999999999 0.3421875
0 0.5499999999999999 0.334375 0.5527777777777778 0.3359375 0.5527777777777778 0.340625 0.5583333333333333 0.3421875 0.5638888888888889 0.340625 0.5638888888888889 0.334375 0.5666666666666667 0.3328125 0.5694444444444444 0.321875 0.5722222222222222 0.3203125 0.5722222222222222 0.315625 0.5611111111111111 0.3078125 0.5583333333333333 0.3078125 0.5499999999999999 0.3125 0.5499999999999999 0.315625 0.5472222222222223 0.3171875 0.5499999999999999 0.31875 0.5499999999999999 0.334375
0 0.5499999999999999 0.3109375 0.5527777777777778 0.3046875 0.5555555555555556 0.303125 0.5555555555555556 0.29375 0.5472222222222223 0.2859375 0.5416666666666666 0.2890625 0.5416666666666666 0.3140625 0.5444444444444444 0.3140625 0.5499999999999999 0.3109375
0 0.5361111111111111 0.3 0.5361111111111111 0.29375 0.5388888888888889 0.2921875 0.5388888888888889 0.28750000000000003 0.5416666666666666 0.2859375 0.5416666666666666 0.27968750000000003 0.5361111111111111 0.2734375 0.5277777777777778 0.278125 0.5277777777777778 0.29375 0.5333333333333333 0.3 0.5361111111111111 0.3
0 0.5194444444444445 0.3265625 0.525 0.328125 0.525 0.321875 0.5277777777777778 0.3203125 0.5277777777777778 0.3 0.5222222222222223 0.2984375 0.5166666666666666 0.3015625 0.5138888888888888 0.3046875 0.5138888888888888 0.3140625 0.5166666666666666 0.315625 0.5194444444444445 0.3265625
0 0.5 0.3265625 0.5027777777777778 0.325 0.5055555555555555 0.3171875 0.5055555555555555 0.309375 0.49722222222222223 0.30625 0.4916666666666667 0.3078125 0.4888888888888889 0.315625 0.4916666666666667 0.3171875 0.4944444444444444 0.3265625 0.5 0.3265625
0 0.5055555555555555 0.303125 0.5055555555555555 0.2921875 0.5 0.28750000000000003 0.49722222222222223 0.28750000000000003 0.49722222222222223 0.2890625 0.4916666666666667 0.2921875 0.4888888888888889 0.29531250000000003 0.4888888888888889 0.3 0.49722222222222223 0.30625 0.5055555555555555 0.303125
0 0.475 0.325 0.48055555555555557 0.325 0.48333333333333334 0.3234375 0.48333333333333334 0.3171875 0.4861111111111111 0.315625 0.4888888888888889 0.3078125 0.4888888888888889 0.3 0.48333333333333334 0.29531250000000003 0.4777777777777778 0.29531250000000003 0.475 0.296875 0.4722222222222222 0.303125 0.4722222222222222 0.3171875 0.475 0.31875 0.475 0.325
0 0.5111111111111112 0.278125 0.5166666666666666 0.278125 0.5194444444444445 0.2765625 0.5194444444444445 0.26718749999999997 0.5166666666666666 0.26406250000000003 0.5111111111111112 0.2625 0.5111111111111112 0.265625 0.5083333333333333 0.26718749999999997 0.5083333333333333 0.27499999999999997 0.5111111111111112 0.278125
0 0.5027777777777778 0.2734375 0.5083333333333333 0.25937499999999997 0.5 0.253125 0.49722222222222223 0.2546875 0.4944444444444444 0.2625 0.49722222222222223 0.26406250000000003 0.49722222222222223 0.27187500000000003 0.5027777777777778 0.2734375
0 0.4638888888888889 0.28281249999999997 0.4666666666666667 0.284375 0.4694444444444445 0.28281249999999997 0.4694444444444445 0.2765625 0.4722222222222222 0.27499999999999997 0.4722222222222222 0.265625 0.4694444444444445 0.26406250000000003 0.4638888888888889 0.265625 0.4611111111111111 0.26875 0.4611111111111111 0.2765625 0.4638888888888889 0.278125 0.4638888888888889 0.28281249999999997
0 0.48055555555555557 0.2578125 0.48055555555555557 0.253125 0.475 0.25156249999999997 0.4722222222222222 0.253125 0.4722222222222222 0.25937499999999997 0.475 0.2625 0.48055555555555557 0.2578125
0 0.4638888888888889 0.26718749999999997 0.4666666666666667 0.26406250000000003 0.4666666666666667 0.2546875 0.4638888888888889 0.25156249999999997 0.4583333333333333 0.25 0.4555555555555556 0.25937499999999997 0.4583333333333333 0.2609375 0.4583333333333333 0.26718749999999997 0.4638888888888889 0.26718749999999997
0 0.4583333333333333 0.253125 0.4638888888888889 0.25 0.4666666666666667 0.240625 0.4638888888888889 0.2390625 0.4638888888888889 0.2359375 0.4583333333333333 0.2359375 0.4555555555555556 0.2375 0.4555555555555556 0.2484375 0.4527777777777778 0.25 0.4555555555555556 0.253125 0.4583333333333333 0.253125
0 0.48055555555555557 0.2390625 0.48333333333333334 0.2375 0.48055555555555557 0.23125 0.475 0.234375 0.4777777777777778 0.24375 0.48055555555555557 0.24375 0.48055555555555557 0.2390625
0 0.4694444444444445 0.240625 0.4694444444444445 0.234375 0.4666666666666667 0.2328125 0.4611111111111111 0.2359375 0.4583333333333333 0.240625 0.4611111111111111 0.2421875 0.4666666666666667 0.2421875 0.4694444444444445 0.240625
0 0.5024805555555555 0.23795 0.5024805555555555 0.23437968750000002 0.5008111111111111 0.23249999999999998 0.49680277777777776 0.230996875 0.49680277777777776 0.23156093749999998 0.4970083333333334 0.23588125000000001 0.4971361111111111 0.2398296875 0.4988083333333333 0.2400171875 0.5024805555555555 0.23795
0 0.4554472222222222 0.270465625 0.4574166666666667 0.27028125 0.4603722222222222 0.2686171875 0.45807499999999995 0.2628890625 0.45478888888888885 0.2615953125 0.4514722222222222 0.2623859375 0.4505194444444445 0.2654765625 0.4505194444444445 0.2688015625 0.4554472222222222 0.270465625