0 0.6194444444444445 0.6109375 0.6138888888888888 0.584375 0.5916666666666667 0.5546875 0.5805555555555556 0.5546875 0.5555555555555556 0.5812499999999999 0.5499999999999999 0.6015625 0.5666666666666667 0.6578125 0.5750000000000001 0.6578125 0.6194444444444445 0.6109375
0 0.7527777777777778 0.5812499999999999 0.7638888888888888 0.5734374999999999 0.7416666666666666 0.553125 0.7166666666666667 0.5578124999999999 0.6916666666666667 0.5890624999999999 0.6916666666666667 0.6328125 0.7222222222222222 0.6296875 0.7166666666666667 0.5875 0.7527777777777778 0.5812499999999999
0 0.725 0.5484375 0.7222222222222222 0.5421874999999999 0.7027777777777778 0.5453125 0.6805555555555556 0.578125 0.6777777777777778 0.6046875 0.686111111111111 0.609375 0.6916666666666667 0.5796875 0.725 0.5484375
0 0.725 0.98125 0.688888888888889 0.9453125 0.6694444444444444 0.9390625 0.6416666666666666 0.953125 0.6194444444444445 0.9875 0.625 0.9984375 0.7222222222222222 0.9984375 0.725 0.98125
0 0.6333333333333334 0.4890625 0.6111111111111112 0.4625 0.5888888888888889 0.4796875 0.5944444444444444 0.5421874999999999 0.6027777777777777 0.5421874999999999 0.6166666666666666 0.5328125 0.6333333333333334 0.4890625
0 0.5861111111111111 0.4859375 0.5722222222222222 0.4609375 0.5472222222222223 0.4796875 0.5388888888888889 0.5 0.5527777777777778 0.53125 0.5694444444444444 0.5390625 0.5861111111111111 0.4859375
0 0.4416666666666667 0.4390625 0.4194444444444444 0.4546875 0.425 0.5046875000000001 0.4333333333333333 0.5046875000000001 0.4555555555555556 0.4546875 0.4416666666666667 0.4390625
0 0.5138888888888888 0.409375 0.4916666666666667 0.4203125 0.5055555555555555 0.4671875 0.5166666666666666 0.4640625 0.525 0.4265625 0.5138888888888888 0.409375
0 0.5944444444444444 0.4109375 0.5750000000000001 0.421875 0.5861111111111111 0.465625 0.6083333333333334 0.4375 0.6083333333333334 0.4234375 0.5944444444444444 0.4109375
0 0.625 0.3859375 0.6111111111111112 0.3765625 0.5944444444444444 0.3875 0.6083333333333334 0.4453125 0.6194444444444445 0.453125 0.6305555555555555 0.41875 0.625 0.3859375
0 0.45 0.390625 0.4388888888888889 0.4 0.4388888888888889 0.434375 0.4527777777777778 0.4421875 0.4666666666666667 0.4046875 0.45 0.390625
0 0.5 0.40625 0.4888888888888889 0.3921875 0.4694444444444445 0.403125 0.4666666666666667 0.4234375 0.4888888888888889 0.4515625 0.4888888888888889 0.421875 0.5 0.40625
0 0.5527777777777778 0.353125 0.5416666666666666 0.353125 0.5361111111111111 0.3609375 0.5388888888888889 0.396875 0.5499999999999999 0.3984375 0.5638888888888889 0.365625 0.5527777777777778 0.353125
0 0.5972222222222222 0.33125 0.5861111111111111 0.3359375 0.5861111111111111 0.3625 0.5972222222222222 0.371875 0.6055555555555556 0.3359375 0.5972222222222222 0.33125
0 0.5166666666666666 0.3 0.5055555555555555 0.3109375 0.5138888888888888 0.3375 0.525 0.328125 0.5166666666666666 0.3
0 0.4944444444444444 0.296875 0.4888888888888889 0.3 0.4861111111111111 0.334375 0.4944444444444444 0.3359375 0.5 0.303125 0.4944444444444444 0.296875
0 0.4694444444444445 0.2984375 0.4666666666666667 0.33125 0.475 0.334375 0.48333333333333334 0.3078125 0.4694444444444445 0.2984375
0 0.5583333333333333 0.3046875 0.5527777777777778 0.3078125 0.5527777777777778 0.3296875 0.5611111111111111 0.33125 0.5694444444444444 0.3109375 0.5583333333333333 0.3046875