0 0.5944444444444444 0.9984375 0.6166666666666666 0.9984375 0.6527777777777778 0.9453125 0.688888888888889 0.91875 0.6777777777777778 0.878125 0.6444444444444444 0.8359375 0.6194444444444445 0.8390625 0.6166666666666666 0.85625 0.5888888888888889 0.8703125 0.5666666666666667 0.8953125 0.5638888888888889 0.9078125 0.5888888888888889 0.928125 0.5833333333333334 0.95 0.5944444444444444 0.9984375
0 0.5416666666666666 0.7078125 0.5499999999999999 0.709375 0.5750000000000001 0.6984375 0.5777777777777777 0.6671875 0.5972222222222222 0.6453125 0.5972222222222222 0.6234375 0.5805555555555556 0.5984375 0.5638888888888889 0.5984375 0.5611111111111111 0.6125 0.5333333333333333 0.6296875 0.5416666666666666 0.640625 0.5305555555555556 0.646875 0.5416666666666666 0.662890625 0.5416666666666666 0.7078125
0 0.675 0.6421875 0.6694444444444444 0.625 0.6388888888888888 0.6 0.625 0.6 0.6027777777777777 0.634375 0.6138888888888888 0.7078125 0.65 0.7078125 0.6472222222222223 0.678125 0.675 0.6421875
0 0.7777777777777778 0.5703125 0.7444444444444445 0.5453125 0.7138888888888888 0.5578124999999999 0.6944444444444444 0.59375 0.6944444444444444 0.628125 0.7277777777777777 0.6234375 0.7277777777777777 0.5812499999999999 0.7777777777777778 0.5703125
0 0.7277777777777777 0.5453125 0.7222222222222222 0.5343749999999999 0.7 0.546875 0.6805555555555556 0.578125 0.6777777777777778 0.6 0.6916666666666667 0.603125 0.6944444444444444 0.5796875 0.7277777777777777 0.5453125
0 0.675 0.4984375 0.6611111111111112 0.465625 0.6305555555555555 0.490625 0.6361111111111112 0.5281250000000001 0.6555555555555556 0.5437500000000001 0.6638888888888889 0.50625 0.675 0.4984375
0 0.5861111111111111 0.471875 0.5611111111111111 0.4890625 0.5694444444444444 0.5390625 0.5888888888888889 0.5421874999999999 0.6083333333333334 0.490625 0.5861111111111111 0.471875
0 0.5388888888888889 0.4875 0.5111111111111112 0.5046875000000001 0.5166666666666666 0.5499999999999999 0.5388888888888889 0.5671875000000001 0.5555555555555556 0.5078125 0.5388888888888889 0.4875
0 0.5277777777777778 0.48125 0.5138888888888888 0.4671875 0.5 0.4734375 0.49722222222222223 0.5078125 0.5111111111111112 0.521875 0.5083333333333333 0.5375 0.5277777777777778 0.48125
0 0.5138888888888888 0.4484375 0.4888888888888889 0.4234375 0.4694444444444445 0.4359375 0.4666666666666667 0.471875 0.4916666666666667 0.4890625 0.4916666666666667 0.4546875 0.5138888888888888 0.4484375
0 0.6388888888888888 0.415625 0.6083333333333334 0.43125 0.6055555555555556 0.4421875 0.6305555555555555 0.471875 0.6444444444444444 0.440625 0.6388888888888888 0.415625
0 0.5750000000000001 0.3984375 0.5527777777777778 0.3828125 0.5388888888888889 0.403125 0.5444444444444444 0.43125 0.5583333333333333 0.440625 0.5750000000000001 0.3984375
0 0.6166666666666666 0.35625 0.6027777777777777 0.365625 0.6027777777777777 0.4015625 0.6166666666666666 0.4046875 0.6277777777777778 0.3671875 0.6166666666666666 0.35625
0 0.4361111111111111 0.3859375 0.4472222222222222 0.425 0.4638888888888889 0.3890625 0.4527777777777778 0.3765625 0.4361111111111111 0.3859375
0 0.5138888888888888 0.3609375 0.49722222222222223 0.3484375 0.4861111111111111 0.35625 0.4861111111111111 0.371875 0.5027777777777778 0.396875 0.5138888888888888 0.3609375
0 0.4694444444444445 0.3484375 0.4583333333333333 0.359375 0.4583333333333333 0.3828125 0.4694444444444445 0.3890625 0.48055555555555557 0.371875 0.4694444444444445 0.3484375
0 0.5305555555555556 0.3234375 0.5194444444444445 0.3328125 0.5166666666666666 0.35625 0.5333333333333333 0.3609375 0.5416666666666666 0.334375 0.5305555555555556 0.3234375
0 0.5527777777777778 0.321875 0.5444444444444444 0.334375 0.5555555555555556 0.35625 0.5694444444444444 0.3265625 0.5527777777777778 0.321875
0 0.5694444444444444 0.29531250000000003 0.5611111111111111 0.296875 0.5583333333333333 0.3203125 0.5694444444444444 0.321875 0.5750000000000001 0.303125 0.5694444444444444 0.29531250000000003
0 0.5138888888888888 0.29062499999999997 0.5222222222222223 0.31875 0.5277777777777778 0.29375 0.5222222222222223 0.2859375 0.5138888888888888 0.29062499999999997
0 0.475 0.315625 0.48333333333333334 0.2921875 0.4694444444444445 0.28750000000000003 0.475 0.315625