0 0.4083333333333333 0.978125 0.4083333333333333 0.9953125 0.4166666666666667 0.9984375 0.425 0.9953125 0.4277777777777778 0.95546875 0.4638888888888889 0.946875 0.45 0.884375 0.4333333333333333 0.865625 0.4222222222222222 0.8609375 0.4027777777777778 0.8640625 0.35 0.903125 0.3444444444444445 0.9234375 0.3694444444444444 0.9375 0.37222222222222223 0.9609375 0.4083333333333333 0.978125
0 0.4694444444444445 0.8015625 0.4777777777777778 0.75 0.4888888888888889 0.728125 0.5055555555555555 0.7203125 0.4944444444444444 0.715625 0.5055555555555555 0.7078125 0.5027777777777778 0.696875 0.4722222222222222 0.6765625 0.4305555555555556 0.696875 0.425 0.7125 0.4583333333333333 0.76875 0.4527777777777778 0.796875 0.4694444444444445 0.8015625
0 0.4166666666666667 0.5875 0.3888888888888889 0.60625 0.39444444444444443 0.6671875 0.4222222222222222 0.6875 0.4361111111111111 0.6078125 0.4166666666666667 0.5875
0 0.5111111111111112 0.6453125 0.5194444444444445 0.609375 0.525 0.6015625 0.5361111111111111 0.603125 0.5388888888888889 0.5921875 0.5333333333333333 0.5656249999999999 0.5138888888888888 0.546875 0.48333333333333334 0.5765625 0.48055555555555557 0.596875 0.49722222222222223 0.6015625 0.49722222222222223 0.6359375 0.5111111111111112 0.6453125
0 0.4472222222222222 0.6140625 0.4583333333333333 0.5812499999999999 0.4722222222222222 0.5812499999999999 0.4666666666666667 0.5750000000000001 0.475 0.56875 0.4583333333333333 0.53125 0.4388888888888889 0.5328125 0.4166666666666667 0.55625 0.4138888888888889 0.5750000000000001 0.4277777777777778 0.5828125000000001 0.4305555555555556 0.6015625 0.4472222222222222 0.6140625
0 0.7138888888888888 0.653125 0.7416666666666666 0.6453125 0.7416666666666666 0.653125 0.7611111111111112 0.6578125 0.7444444444444445 0.609375 0.7527777777777778 0.5984375 0.775 0.6015625 0.775 0.5953125 0.7527777777777778 0.5812499999999999 0.75 0.5656249999999999 0.7388888888888888 0.5625 0.7083333333333334 0.571875 0.6805555555555556 0.60625 0.6777777777777778 0.6203125 0.6972222222222222 0.6375 0.6972222222222222 0.6515625 0.7138888888888888 0.653125
0 0.6611111111111112 0.44375 0.6472222222222223 0.425 0.6222222222222222 0.4453125 0.6361111111111112 0.4921875 0.65 0.4890625 0.6611111111111112 0.4609375 0.6611111111111112 0.44375
0 0.6055555555555556 0.4453125 0.5972222222222222 0.43125 0.5750000000000001 0.4421875 0.5750000000000001 0.490625 0.5833333333333334 0.49375 0.6055555555555556 0.4625 0.6055555555555556 0.4453125
0 0.5388888888888889 0.3859375 0.5222222222222223 0.3765625 0.5111111111111112 0.3859375 0.5166666666666666 0.428125 0.5444444444444444 0.4 0.5388888888888889 0.3859375
0 0.4888888888888889 0.3828125 0.475 0.3953125 0.4722222222222222 0.4078125 0.4888888888888889 0.428125 0.5 0.4046875 0.4888888888888889 0.3828125
0 0.5083333333333333 0.3625 0.5111111111111112 0.3640625 0.5111111111111112 0.3671875 0.5166666666666666 0.3671875 0.5222222222222223 0.3625 0.5222222222222223 0.3375 0.5194444444444445 0.3359375 0.5194444444444445 0.3328125 0.5138888888888888 0.33125 0.5055555555555555 0.340625 0.5055555555555555 0.35 0.5083333333333333 0.3515625 0.5083333333333333 0.3625
0 0.5333333333333333 0.36875 0.5361111111111111 0.36875 0.5388888888888889 0.3671875 0.5416666666666666 0.3578125 0.5472222222222223 0.3515625 0.5472222222222223 0.3421875 0.5388888888888889 0.3328125 0.5277777777777778 0.340625 0.525 0.3484375 0.5277777777777778 0.35 0.5305555555555556 0.365625 0.5333333333333333 0.36875
0 0.5583333333333333 0.353125 0.5666666666666667 0.353125 0.5666666666666667 0.33125 0.5638888888888889 0.3296875 0.5638888888888889 0.325 0.5583333333333333 0.325 0.5555555555555556 0.3265625 0.5555555555555556 0.33125 0.5527777777777778 0.3328125 0.5527777777777778 0.346875 0.5583333333333333 0.353125
0 0.5388888888888889 0.325 0.5388888888888889 0.33125 0.5444444444444444 0.334375 0.5472222222222223 0.3328125 0.5472222222222223 0.3265625 0.5499999999999999 0.325 0.5499999999999999 0.315625 0.5472222222222223 0.3140625 0.5472222222222223 0.309375 0.5416666666666666 0.3078125 0.5416666666666666 0.3109375 0.5361111111111111 0.3171875 0.5361111111111111 0.3234375 0.5388888888888889 0.325
0 0.4916666666666667 0.328125 0.49722222222222223 0.33125 0.5 0.33125 0.5 0.328125 0.5027777777777778 0.3265625 0.5027777777777778 0.315625 0.5055555555555555 0.3140625 0.5055555555555555 0.3078125 0.5 0.303125 0.4944444444444444 0.303125 0.4888888888888889 0.30625 0.4888888888888889 0.3171875 0.4916666666666667 0.31875 0.4916666666666667 0.328125
0 0.525 0.30625 0.5277777777777778 0.3046875 0.5277777777777778 0.28750000000000003 0.525 0.2859375 0.525 0.28125 0.5194444444444445 0.28281249999999997 0.5166666666666666 0.2859375 0.5166666666666666 0.3140625 0.525 0.3140625 0.525 0.30625
0 0.4722222222222222 0.29531250000000003 0.475 0.29375 0.475 0.28281249999999997 0.4694444444444445 0.278125 0.4694444444444445 0.27499999999999997 0.4666666666666667 0.27499999999999997 0.4638888888888889 0.278125 0.4611111111111111 0.2859375 0.4638888888888889 0.28750000000000003 0.4666666666666667 0.29375 0.4722222222222222 0.29531250000000003
0 0.5055555555555555 0.3 0.5083333333333333 0.3015625 0.5138888888888888 0.2984375 0.5138888888888888 0.29375 0.5166666666666666 0.2921875 0.5166666666666666 0.28125 0.5138888888888888 0.27968750000000003 0.5055555555555555 0.284375 0.5027777777777778 0.28750000000000003 0.5027777777777778 0.29375 0.5055555555555555 0.29531250000000003 0.5055555555555555 0.3
0 0.5138888888888888 0.27968750000000003 0.5138888888888888 0.27187500000000003 0.5083333333333333 0.26718749999999997 0.5027777777777778 0.26718749999999997 0.5027777777777778 0.27968750000000003 0.5083333333333333 0.28281249999999997 0.5138888888888888 0.27968750000000003
0 0.4751444444444445 0.286709375 0.47580555555555554 0.2908109375 0.478125 0.2934203125 0.48044444444444445 0.2950984375 0.48309722222222223 0.2939796875 0.48309722222222223 0.28950625 0.4811083333333333 0.2857765625 0.48044444444444445 0.28223437500000004 0.4768 0.2781328125 0.47428611111111113 0.278984375 0.4744805555555555 0.2820484375 0.47481111111111113 0.283725 0.4751444444444445 0.286709375
0 0.48640833333333333 0.285590625 0.4877361111111111 0.29174218749999997 0.4920416666666667 0.293234375 0.4993333333333333 0.2928609375 0.5006583333333333 0.2885734375 0.5023166666666666 0.2824203125 0.5003277777777778 0.2764546875 0.4973444444444444 0.27179375 0.49038611111111113 0.26899687499999997 0.4867416666666667 0.273284375 0.4877361111111111 0.27775937500000003 0.48806666666666665 0.2779453125 0.4877361111111111 0.28111562500000004 0.48640833333333333 0.285590625
0 0.46718888888888893 0.27775937500000003 0.46984166666666666 0.275521875 0.47083611111111107 0.2714203125 0.4738166666666666 0.26787812499999997 0.46586388888888886 0.2620984375 0.46056388888888894 0.2643359375 0.46056388888888894 0.2693703125 0.45923611111111107 0.2747765625 0.4602305555555556 0.28223437500000004 0.46718888888888893 0.27775937500000003
0 0.5026472222222222 0.2675046875 0.5046361111111112 0.2654546875 0.5066222222222222 0.2609796875 0.5046361111111112 0.256878125 0.4983388888888889 0.254640625 0.497675 0.259675 0.4920416666666667 0.264521875 0.49237499999999995 0.2663859375 0.49668333333333337 0.2688109375 0.5026472222222222 0.2675046875
0 0.4777944444444444 0.2775734375 0.4821027777777778 0.2813015625 0.4867416666666667 0.284284375 0.48707222222222224 0.28111562500000004 0.4860777777777778 0.27626875 0.48408888888888885 0.2704875 0.47978333333333334 0.2675046875 0.47481111111111113 0.270675 0.4734861111111111 0.27403125 0.47481111111111113 0.27608125 0.4777944444444444 0.2775734375