0 0.4861111111111111 0.3375 0.4777777777777778 0.3640625 0.4916666666666667 0.3859375 0.5027777777777778 0.353125 0.4861111111111111 0.3375
0 0.5138888888888888 0.578125 0.4861111111111111 0.5390625 0.4638888888888889 0.553125 0.4611111111111111 0.584375 0.475 0.6296875 0.4916666666666667 0.61875 0.5138888888888888 0.578125
0 0.4361111111111111 0.684375 0.4583333333333333 0.6234375 0.4333333333333333 0.6125 0.4305555555555556 0.6 0.4166666666666667 0.5984375 0.3972222222222222 0.621875 0.375 0.6296875 0.3972222222222222 0.65 0.3972222222222222 0.684375 0.4416666666666667 0.7015625 0.4361111111111111 0.684375
0 0.3611111111111111 0.9984375 0.3638888888888889 0.965625 0.39444444444444443 0.8953125 0.3416666666666667 0.85 0.3277777777777778 0.8515625 0.3194444444444444 0.8671875 0.2916666666666667 0.878125 0.28055555555555556 0.9015625 0.3027777777777778 0.9296875 0.3111111111111111 0.9984375 0.3611111111111111 0.9984375
0 0.6166666666666666 0.9765625 0.6583333333333333 0.853125 0.6222222222222222 0.8078125 0.5972222222222222 0.8125 0.5388888888888889 0.8796875 0.5333333333333333 0.8953125 0.6027777777777777 0.96484375 0.6027777777777777 0.975 0.6166666666666666 0.9765625
0 0.6944444444444444 0.9703125 0.7194444444444444 0.9859375 0.7222222222222222 0.9328125 0.7361111111111112 0.9125 0.7888888888888889 0.8828125 0.7916666666666666 0.8671875 0.7722222222222223 0.8453125 0.7444444444444445 0.834375 0.7444444444444445 0.81875 0.7305555555555556 0.8125 0.7166666666666667 0.8125 0.7083333333333334 0.840625 0.6694444444444444 0.8578125 0.6611111111111112 0.8734375 0.6805555555555556 0.8796875 0.7 0.9359375 0.6944444444444444 0.9703125
0 0.5722222222222222 0.5953125 0.5499999999999999 0.5734374999999999 0.5166666666666666 0.5953125 0.5111111111111112 0.6140625 0.5277777777777778 0.6640625 0.5555555555555556 0.6734375 0.5722222222222222 0.5953125
0 0.6277777777777778 0.59375 0.65 0.5671875000000001 0.6138888888888888 0.5421874999999999 0.6027777777777777 0.5453125 0.5805555555555556 0.5703125 0.6 0.621875 0.625 0.6265625 0.6277777777777778 0.59375
0 0.6833333333333333 0.5421874999999999 0.6694444444444444 0.5437500000000001 0.65 0.571875 0.6527777777777778 0.6296875 0.6833333333333333 0.634375 0.7 0.5796875 0.6833333333333333 0.5421874999999999
0 0.7444444444444445 0.56875 0.7777777777777778 0.5640625 0.7638888888888888 0.5390625 0.7305555555555556 0.5359375000000001 0.7194444444444444 0.540625 0.7 0.5906250000000001 0.6972222222222222 0.61875 0.725 0.6234375 0.7333333333333334 0.5812499999999999 0.7444444444444445 0.56875
0 0.65 0.4515625 0.625 0.471875 0.6444444444444444 0.521875 0.6722222222222222 0.4875 0.6611111111111112 0.4546875 0.65 0.4515625
0 0.5638888888888889 0.409375 0.5527777777777778 0.409375 0.5388888888888889 0.4234375 0.5499999999999999 0.4734375 0.5583333333333333 0.4765625 0.5805555555555556 0.4296875 0.5638888888888889 0.409375
0 0.6305555555555555 0.378125 0.6111111111111112 0.390625 0.6166666666666666 0.43125 0.6305555555555555 0.434375 0.6416666666666666 0.390625 0.6305555555555555 0.378125
0 0.5555555555555556 0.3359375 0.5694444444444444 0.365625 0.5805555555555556 0.3375 0.5722222222222222 0.33125 0.5555555555555556 0.3359375
0 0.5666666666666667 0.3625 0.5527777777777778 0.3375 0.5361111111111111 0.346875 0.5333333333333333 0.375 0.5499999999999999 0.38125 0.5666666666666667 0.3734375 0.5666666666666667 0.3625
0 0.5 0.3234375 0.4944444444444444 0.334375 0.5083333333333333 0.3484375 0.5166666666666666 0.3328125 0.5 0.3234375
0 0.4722222222222222 0.3203125 0.4638888888888889 0.328125 0.4638888888888889 0.35625 0.475 0.3640625 0.48333333333333334 0.3265625 0.4722222222222222 0.3203125
0 0.5666666666666667 0.3 0.5638888888888889 0.33125 0.5722222222222222 0.33125 0.5805555555555556 0.303125 0.5666666666666667 0.3
0 0.5555555555555556 0.2890625 0.5611111111111111 0.3171875 0.5694444444444444 0.2921875 0.5638888888888889 0.284375 0.5555555555555556 0.2890625