0 0.5861111111111111 0.871875 0.6 0.884375 0.6111111111111112 0.884375 0.6194444444444445 0.8296875 0.6416666666666666 0.8140625 0.6611111111111112 0.828125 0.65 0.8171875 0.6638888888888889 0.8140625 0.6472222222222223 0.78125 0.6194444444444445 0.765625 0.625 0.7578125 0.6166666666666666 0.75 0.5972222222222222 0.7515625 0.5972222222222222 0.765625 0.5694444444444444 0.78125 0.5611111111111111 0.8078125 0.5750000000000001 0.8171875 0.5888888888888889 0.8453125 0.5861111111111111 0.871875
0 0.5722222222222222 0.7390625 0.5722222222222222 0.721875 0.5472222222222223 0.6890625 0.5166666666666666 0.7125 0.5222222222222223 0.803125 0.525 0.8125 0.5361111111111111 0.815625 0.5722222222222222 0.7390625
0 0.7222222222222222 0.7015625 0.7055555555555556 0.6875 0.6833333333333333 0.68125 0.6694444444444444 0.665625 0.6555555555555556 0.66875 0.65 0.6828125 0.6305555555555555 0.69375 0.65 0.771875 0.6638888888888889 0.7765625 0.686111111111111 0.7328125 0.7222222222222222 0.7015625
0 0.75 0.821875 0.7805555555555556 0.765625 0.8027777777777778 0.7515625 0.8027777777777778 0.7234375 0.7777777777777778 0.6890625 0.7277777777777777 0.7265625 0.7166666666666667 0.7515625 0.7333333333333334 0.759375 0.7333333333333334 0.7859375 0.75 0.821875
0 0.4138888888888889 0.725 0.4138888888888889 0.7046875 0.425 0.7 0.4305555555555556 0.70625 0.4388888888888889 0.7046875 0.4361111111111111 0.6734375 0.45 0.65 0.4138888888888889 0.6171875 0.4 0.6203125 0.4 0.628125 0.3861111111111111 0.634375 0.3805555555555556 0.6546875 0.39166666666666666 0.6703125 0.4 0.7375 0.4138888888888889 0.725
0 0.6416666666666666 0.603125 0.6638888888888889 0.5640625 0.6777777777777778 0.55625 0.6527777777777778 0.5187499999999999 0.6138888888888888 0.5484375 0.6111111111111112 0.5593750000000001 0.6277777777777778 0.5625 0.6277777777777778 0.5875 0.6416666666666666 0.603125
0 0.7611111111111112 0.5765625 0.7805555555555556 0.5703125 0.7638888888888888 0.5390625 0.7416666666666666 0.5437500000000001 0.7222222222222222 0.578125 0.7166666666666667 0.6265625 0.7277777777777777 0.628125 0.7388888888888888 0.625 0.7611111111111112 0.5765625
0 0.7222222222222222 0.5953125 0.7222222222222222 0.5671875000000001 0.7388888888888888 0.5437500000000001 0.7277777777777777 0.53125 0.7083333333333334 0.5437500000000001 0.6916666666666667 0.571875 0.688888888888889 0.596875 0.6972222222222222 0.6078125 0.7111111111111111 0.6109375 0.7222222222222222 0.5953125
0 0.5861111111111111 0.4890625 0.5750000000000001 0.459375 0.5638888888888889 0.4578125 0.5444444444444444 0.475 0.5388888888888889 0.4859375 0.5527777777777778 0.521875 0.5694444444444444 0.5375 0.5861111111111111 0.4890625
0 0.6611111111111112 0.4203125 0.65 0.4171875 0.6305555555555555 0.4328125 0.6388888888888888 0.484375 0.6472222222222223 0.4859375 0.6694444444444444 0.4546875 0.6611111111111112 0.4203125
0 0.5499999999999999 0.365625 0.5305555555555556 0.3859375 0.5277777777777778 0.40625 0.5499999999999999 0.4140625 0.5694444444444444 0.40625 0.5499999999999999 0.365625
0 0.5694444444444444 0.3515625 0.5611111111111111 0.353125 0.5527777777777778 0.375 0.5722222222222222 0.4015625 0.5833333333333334 0.3625 0.5694444444444444 0.3515625
0 0.6027777777777777 0.3234375 0.5861111111111111 0.3140625 0.5805555555555556 0.3359375 0.5833333333333334 0.346875 0.5944444444444444 0.3484375 0.6027777777777777 0.3234375
0 0.5722222222222222 0.325 0.5722222222222222 0.3328125 0.5777777777777777 0.334375 0.5777777777777777 0.3234375 0.5805555555555556 0.321875 0.5805555555555556 0.31875 0.5861111111111111 0.3125 0.5861111111111111 0.3078125 0.5805555555555556 0.3015625 0.5694444444444444 0.3078125 0.5666666666666667 0.3171875 0.5694444444444444 0.31875 0.5694444444444444 0.3234375 0.5722222222222222 0.325
0 0.5138888888888888 0.3375 0.5166666666666666 0.3390625 0.5138888888888888 0.3453125 0.5166666666666666 0.3484375 0.5194444444444445 0.3484375 0.5222222222222223 0.346875 0.5166666666666666 0.3421875 0.525 0.3390625 0.5277777777777778 0.3234375 0.525 0.321875 0.525 0.3171875 0.5138888888888888 0.3109375 0.5111111111111112 0.3125 0.5083333333333333 0.315625 0.5083333333333333 0.321875 0.5166666666666666 0.3296875 0.5138888888888888 0.3375
0 0.4944444444444444 0.3484375 0.4944444444444444 0.3625 0.5 0.3640625 0.5027777777777778 0.3625 0.5027777777777778 0.3578125 0.5055555555555555 0.35625 0.5055555555555555 0.3484375 0.5111111111111112 0.3421875 0.5111111111111112 0.3328125 0.5083333333333333 0.33125 0.5111111111111112 0.328125 0.5027777777777778 0.321875 0.4944444444444444 0.3234375 0.4916666666666667 0.3265625 0.4916666666666667 0.3296875 0.4888888888888889 0.33125 0.4888888888888889 0.3421875 0.4944444444444444 0.3484375
0 0.4888888888888889 0.334375 0.48333333333333334 0.3375 0.4861111111111111 0.3390625 0.4861111111111111 0.34375 0.4888888888888889 0.34375 0.4916666666666667 0.3296875 0.5 0.3234375 0.5 0.3125 0.4944444444444444 0.309375 0.4916666666666667 0.309375 0.4861111111111111 0.3125 0.4861111111111111 0.315625 0.48333333333333334 0.3171875 0.48333333333333334 0.32734375 0.4888888888888889 0.334375
0 0.525 0.296875 0.525 0.29062499999999997 0.5277777777777778 0.2890625 0.5277777777777778 0.28125 0.525 0.27968750000000003 0.525 0.2765625 0.5194444444444445 0.27499999999999997 0.5138888888888888 0.278125 0.5138888888888888 0.29531250000000003 0.5194444444444445 0.3015625 0.525 0.296875
0 0.5055555555555555 0.296875 0.5055555555555555 0.29062499999999997 0.5083333333333333 0.2890625 0.5083333333333333 0.28125 0.5055555555555555 0.27968750000000003 0.5027777777777778 0.27187500000000003 0.49722222222222223 0.27499999999999997 0.49722222222222223 0.3 0.5027777777777778 0.3 0.5055555555555555 0.296875
0 0.5361111111111111 0.28281249999999997 0.5416666666666666 0.28750000000000003 0.5444444444444444 0.2859375 0.5444444444444444 0.28125 0.5472222222222223 0.27968750000000003 0.5499999999999999 0.26875 0.5444444444444444 0.26406250000000003 0.5388888888888889 0.26406250000000003 0.5361111111111111 0.26718749999999997 0.5361111111111111 0.2703125 0.5333333333333333 0.27187500000000003 0.5361111111111111 0.2734375 0.5361111111111111 0.28281249999999997
0 0.525 0.2703125 0.525 0.265625 0.5194444444444445 0.2609375 0.5138888888888888 0.2609375 0.5111111111111112 0.27187500000000003 0.5166666666666666 0.27499999999999997 0.5194444444444445 0.27499999999999997 0.525 0.2703125
0 0.5111111111111112 0.265625 0.5138888888888888 0.26406250000000003 0.5138888888888888 0.2578125 0.5111111111111112 0.2546875 0.5055555555555555 0.253125 0.5027777777777778 0.25625000000000003 0.5027777777777778 0.265625 0.5083333333333333 0.27187500000000003 0.5111111111111112 0.265625
0 0.4916666666666667 0.278125 0.4916666666666667 0.26718749999999997 0.4861111111111111 0.2625 0.48055555555555557 0.265625 0.4777777777777778 0.26875 0.4777777777777778 0.27499999999999997 0.4861111111111111 0.284375 0.4916666666666667 0.278125
0 0.47535555555555553 0.298815625 0.48195000000000005 0.29807343750000004 0.48546666666666666 0.2918921875 0.48414722222222223 0.2829890625 0.4784333333333333 0.277053125 0.47755277777777777 0.273096875 0.47008055555555556 0.2726015625 0.4692027777777778 0.27804218750000004 0.46876388888888887 0.2837296875 0.4696416666666667 0.2889234375 0.47052222222222223 0.293375 0.47535555555555553 0.298815625
0 0.4722222222222222 0.25156249999999997 0.4722222222222222 0.2484375 0.4694444444444445 0.246875 0.4666666666666667 0.240625 0.4583333333333333 0.2421875 0.4555555555555556 0.2453125 0.4555555555555556 0.25 0.4638888888888889 0.25937499999999997 0.4722222222222222 0.25156249999999997
0 0.4888888888888889 0.25156249999999997 0.4888888888888889 0.25625000000000003 0.4916666666666667 0.25625000000000003 0.49722222222222223 0.25156249999999997 0.49722222222222223 0.2328125 0.4944444444444444 0.23125 0.4888888888888889 0.234375 0.4888888888888889 0.2375 0.4861111111111111 0.2390625 0.4861111111111111 0.25 0.4888888888888889 0.25156249999999997
0 0.4777777777777778 0.24375 0.48055555555555557 0.2421875 0.48055555555555557 0.23125 0.475 0.23125 0.4694444444444445 0.234375 0.4694444444444445 0.24375 0.475 0.25 0.4777777777777778 0.24375
0 0.48333333333333334 0.2390625 0.4861111111111111 0.2328125 0.4888888888888889 0.23125 0.4888888888888889 0.228125 0.4861111111111111 0.2265625 0.48055555555555557 0.2265625 0.475 0.2296875 0.475 0.2375 0.4777777777777778 0.2390625 0.48333333333333334 0.2390625