0 0.26029055787037036 0.4137931041666667 0.2663438263888889 0.4137931041666667 0.26755447916666664 0.41163793055555553 0.2663438263888889 0.3922413796296296 0.2639225185185185 0.38793103472222223 0.2615012106481482 0.38793103472222223 0.26029055787037036 0.3922413796296296 0.26029055787037036 0.3965517245370371 0.25907990277777776 0.3987068958333333 0.25907990277777776 0.4094827592592593 0.26029055787037036 0.4137931041666667
0 0.3317191273148148 0.45043103472222223 0.33535109027777776 0.45043103472222223 0.3365617430555556 0.4482758611111111 0.3389830509259259 0.4482758611111111 0.34140435879629627 0.4439655162037037 0.3401937037037037 0.4418103449074074 0.3401937037037037 0.4375 0.34503631944444446 0.4310344837962963 0.34503631944444446 0.41810344907407404 0.3401937037037037 0.41810344907407404 0.3365617430555556 0.4137931041666667 0.33292978240740745 0.4137931041666667 0.3317191273148148 0.41810344907407404 0.3317191273148148 0.42456896527777777 0.32808716666666665 0.4331896550925926 0.3268765138888889 0.4418103449074074 0.3317191273148148 0.45043103472222223
0 0.5532687662037037 0.31034482870370367 0.5532687662037037 0.2952586203703704 0.5496368032407407 0.28663793055555553 0.548426150462963 0.2887931041666667 0.5460048425925925 0.2887931041666667 0.5460048425925925 0.29310344907407404 0.5447941898148149 0.2952586203703704 0.5435835347222222 0.31465517129629633 0.5447941898148149 0.3168103449074074 0.5496368032407407 0.3189655162037037 0.5532687662037037 0.31034482870370367
0 0.5786924930555556 0.3232758611111111 0.5799031481481481 0.32112068981481484 0.5799031481481481 0.3081896550925926 0.5811138009259259 0.3060344837962963 0.5811138009259259 0.2887931041666667 0.5799031481481481 0.28663793055555553 0.5750605324074074 0.2887931041666667 0.5738498796296296 0.29741379398148143 0.5726392245370371 0.29956896527777777 0.5726392245370371 0.31034482870370367 0.5702179166666667 0.3189655162037037 0.5714285717592593 0.32112068981481484 0.5786924930555556 0.3232758611111111
0 0.5932203379629629 0.31034482870370367 0.5944309930555556 0.3125 0.5968523009259259 0.31034482870370367 0.5980629537037038 0.3017241388888889 0.5992736087962962 0.29956896527777777 0.5992736087962962 0.29310344907407404 0.5980629537037038 0.290948275462963 0.5980629537037038 0.28017241435185186 0.5956416458333332 0.27801724074074075 0.5932203379629629 0.28017241435185186 0.5907990324074074 0.28663793055555553 0.5895883773148148 0.3017241388888889 0.5907990324074074 0.30387931018518516 0.5907990324074074 0.31034482870370367 0.5932203379629629 0.31034482870370367
0 0.6634382569444445 0.36206896527777777 0.6658595648148149 0.36637931018518516 0.6670702175925926 0.3793103449074074 0.669491525462963 0.3793103449074074 0.6719128333333333 0.37715517129629633 0.6743341412037037 0.3706896550925926 0.6743341412037037 0.3642241388888889 0.6731234861111112 0.36206896527777777 0.6719128333333333 0.3469827592592593 0.669491525462963 0.34267241435185186 0.6646489097222222 0.34267241435185186 0.6634382569444445 0.34482758564814814 0.6634382569444445 0.3469827592592593 0.661016949074074 0.3512931041666667 0.6622276018518519 0.3534482754629629 0.6634382569444445 0.36206896527777777
0 0.10895883796296296 0.4202586203703704 0.11138014583333333 0.42887931018518516 0.11138014583333333 0.4439655162037037 0.11259079861111111 0.44612068981481484 0.11622275925925926 0.44612068981481484 0.11622275925925926 0.42456896527777777 0.1138014537037037 0.4202586203703704 0.11259079861111111 0.41163793055555553 0.10895883796296296 0.4030172407407407 0.10774818287037037 0.40732758564814814 0.10774818287037037 0.4137931041666667 0.10895883796296296 0.4159482754629629 0.10895883796296296 0.4202586203703704
0 0.7348668287037037 0.3534482754629629 0.7348668287037037 0.34482758564814814 0.733656173611111 0.3405172407407407 0.7288135601851852 0.3405172407407407 0.7288135601851852 0.3577586203703704 0.7324455208333334 0.3577586203703704 0.7348668287037037 0.3534482754629629
0 0.7276029050925926 0.33836206944444447 0.7251815972222223 0.3340517245370371 0.7215496365740741 0.3340517245370371 0.7215496365740741 0.33836206944444447 0.7203389837962964 0.3405172407407407 0.7191283287037037 0.3577586203703704 0.7215496365740741 0.35991379398148143 0.7251815972222223 0.35560344907407404 0.7276029050925926 0.33836206944444447
0 0.858353511574074 0.3081896550925926 0.8595641643518519 0.3060344837962963 0.8595641643518519 0.29741379398148143 0.858353511574074 0.2952586203703704 0.8547215486111112 0.2952586203703704 0.8535108958333333 0.29741379398148143 0.8535108958333333 0.3060344837962963 0.8547215486111112 0.3081896550925926 0.858353511574074 0.3081896550925926
0 0.7046004837962963 0.26939655092592596 0.7033898310185186 0.2564655162037037 0.7021791759259259 0.2543103449074074 0.7009685231481482 0.2564655162037037 0.6985472152777779 0.2650862060185185 0.6985472152777779 0.28017241435185186 0.7021791759259259 0.27801724074074075 0.7046004837962963 0.26939655092592596