0 0.3527777777777778 0.9984375 0.35555555555555557 0.984375 0.3861111111111111 0.9625 0.3888888888888889 0.9375 0.37222222222222223 0.8875 0.3416666666666667 0.865625 0.3194444444444444 0.86875 0.29444444444444445 0.8921875 0.2777777777777778 0.9265625 0.27499999999999997 0.9453125 0.3111111111111111 0.9765625 0.3111111111111111 0.9984375 0.3527777777777778 0.9984375
0 0.5472222222222223 0.6046875 0.5388888888888889 0.5890624999999999 0.5111111111111112 0.5703125 0.48333333333333334 0.5890624999999999 0.4916666666666667 0.671875 0.5 0.6734375 0.5472222222222223 0.625 0.5472222222222223 0.6046875
0 0.4333333333333333 0.640625 0.4611111111111111 0.6078125 0.4638888888888889 0.5796875 0.4388888888888889 0.5546875 0.425 0.553125 0.3972222222222222 0.5828125000000001 0.4111111111111111 0.6515625 0.4194444444444444 0.653125 0.4222222222222222 0.640625 0.4333333333333333 0.640625
0 0.6305555555555555 0.578125 0.6166666666666666 0.5578124999999999 0.6027777777777777 0.5609375 0.5861111111111111 0.578125 0.5833333333333334 0.6359375 0.6027777777777777 0.646875 0.6305555555555555 0.6078125 0.6305555555555555 0.578125
0 0.7444444444444445 0.5890624999999999 0.7666666666666666 0.584375 0.7694444444444444 0.578125 0.7472222222222222 0.5703125 0.75 0.5625 0.7388888888888888 0.55625 0.7055555555555556 0.56875 0.688888888888889 0.5906250000000001 0.688888888888889 0.6375 0.7333333333333334 0.6359375 0.7194444444444444 0.6140625 0.7444444444444445 0.5890624999999999
0 0.6277777777777778 0.4875 0.6111111111111112 0.471875 0.5972222222222222 0.4796875 0.5888888888888889 0.496875 0.6055555555555556 0.5421874999999999 0.6166666666666666 0.5390625 0.6277777777777778 0.4875
0 0.7388888888888888 0.5515625000000001 0.7027777777777778 0.55625 0.675 0.584375 0.6694444444444444 0.609375 0.6805555555555556 0.6125 0.6972222222222222 0.5750000000000001 0.7388888888888888 0.5515625000000001
0 0.4722222222222222 0.3859375 0.4555555555555556 0.4 0.4583333333333333 0.4453125 0.4777777777777778 0.440625 0.4916666666666667 0.409375 0.4722222222222222 0.3859375
0 0.5555555555555556 0.353125 0.5444444444444444 0.35625 0.5444444444444444 0.3953125 0.5555555555555556 0.3984375 0.5666666666666667 0.3625 0.5555555555555556 0.353125
0 0.5916666666666667 0.3484375 0.5750000000000001 0.3609375 0.5777777777777777 0.3984375 0.5888888888888889 0.4 0.6 0.375 0.5916666666666667 0.3484375
0 0.5083333333333333 0.33125 0.49722222222222223 0.3359375 0.4888888888888889 0.3515625 0.5027777777777778 0.3765625 0.5138888888888888 0.3375 0.5083333333333333 0.33125
0 0.4694444444444445 0.3328125 0.4638888888888889 0.3375 0.4611111111111111 0.378125 0.48333333333333334 0.3484375 0.48055555555555557 0.3359375 0.4694444444444445 0.3328125
0 0.5194444444444445 0.34375 0.525 0.371875 0.5333333333333333 0.371875 0.5361111111111111 0.334375 0.5194444444444445 0.34375
0 0.5805555555555556 0.325 0.5777777777777777 0.3453125 0.5944444444444444 0.346875 0.6 0.334375 0.5805555555555556 0.325
0 0.5499999999999999 0.3109375 0.5388888888888889 0.3203125 0.5472222222222223 0.3578125 0.5638888888888889 0.3421875 0.5499999999999999 0.3109375
0 0.4722222222222222 0.3046875 0.4722222222222222 0.3296875 0.4861111111111111 0.3109375 0.48055555555555557 0.3 0.4722222222222222 0.3046875
0 0.5638888888888889 0.2984375 0.5583333333333333 0.3203125 0.5694444444444444 0.3234375 0.5750000000000001 0.3 0.5638888888888889 0.2984375