0 0.4472222222222222 0.9484375 0.4222222222222222 0.9390625 0.4166666666666667 0.9296875 0.39166666666666666 0.925 0.3333333333333333 0.9796875 0.3305555555555556 0.9984375 0.4583333333333333 0.9984375 0.4638888888888889 0.96875 0.4472222222222222 0.9484375
0 0.7166666666666667 0.6375 0.7111111111111111 0.6265625 0.7305555555555556 0.61875 0.7333333333333334 0.596875 0.775 0.5812499999999999 0.7611111111111112 0.5593750000000001 0.75 0.55625 0.7305555555555556 0.5609375 0.6944444444444444 0.5906250000000001 0.688888888888889 0.609375 0.6972222222222222 0.6328125 0.7 0.6375 0.7166666666666667 0.6375
0 0.7527777777777778 0.553125 0.7444444444444445 0.5484375 0.725 0.5515625000000001 0.686111111111111 0.5812499999999999 0.6777777777777778 0.60625 0.6916666666666667 0.6125 0.7 0.584375 0.7527777777777778 0.553125
0 0.6055555555555556 0.4390625 0.5972222222222222 0.4296875 0.5777777777777777 0.4390625 0.5805555555555556 0.48125 0.5916666666666667 0.4875 0.6083333333333334 0.459375 0.6055555555555556 0.4390625
0 0.5972222222222222 0.3859375 0.5833333333333334 0.396875 0.5944444444444444 0.43125 0.6083333333333334 0.4171875 0.6083333333333334 0.3984375 0.5972222222222222 0.3859375
0 0.5750000000000001 0.36875 0.5583333333333333 0.3796875 0.5611111111111111 0.403125 0.5722222222222222 0.4125 0.5861111111111111 0.3828125 0.5750000000000001 0.36875
0 0.5138888888888888 0.371875 0.5222222222222223 0.409375 0.5388888888888889 0.3859375 0.5305555555555556 0.359375 0.5138888888888888 0.371875
0 0.4888888888888889 0.3953125 0.4861111111111111 0.3578125 0.475 0.3625 0.4666666666666667 0.371875 0.4666666666666667 0.4109375 0.48055555555555557 0.4140625 0.4888888888888889 0.3953125
0 0.4916666666666667 0.3875 0.5 0.365625 0.48333333333333334 0.35625 0.4916666666666667 0.3875
0 0.5750000000000001 0.340625 0.5638888888888889 0.35 0.5694444444444444 0.3703125 0.5833333333333334 0.371875 0.5888888888888889 0.3484375 0.5750000000000001 0.340625
0 0.4944444444444444 0.328125 0.4888888888888889 0.3546875 0.49722222222222223 0.359375 0.5083333333333333 0.3328125 0.4944444444444444 0.328125
0 0.5833333333333334 0.3125 0.5750000000000001 0.3203125 0.5750000000000001 0.3390625 0.5861111111111111 0.3453125 0.5944444444444444 0.3234375 0.5833333333333334 0.3125
0 0.5555555555555556 0.340625 0.5555555555555556 0.3453125 0.5527777777777778 0.3484375 0.5555555555555556 0.3515625 0.5583333333333333 0.3515625 0.5611111111111111 0.35 0.5611111111111111 0.346875 0.5638888888888889 0.3453125 0.5638888888888889 0.3390625 0.5694444444444444 0.3328125 0.5694444444444444 0.3234375 0.5638888888888889 0.3171875 0.5583333333333333 0.31875 0.5555555555555556 0.321875 0.5555555555555556 0.325 0.5527777777777778 0.3265625 0.5527777777777778 0.3390625 0.5555555555555556 0.340625
0 0.5361111111111111 0.3328125 0.5388888888888889 0.334375 0.5388888888888889 0.34375 0.5444444444444444 0.3453125 0.5472222222222223 0.3421875 0.5499999999999999 0.33125 0.5499999999999999 0.321875 0.5472222222222223 0.3203125 0.5444444444444444 0.3125 0.5388888888888889 0.3140625 0.5361111111111111 0.3171875 0.5388888888888889 0.31875 0.5361111111111111 0.321875 0.5361111111111111 0.3328125
0 0.5527777777777778 0.29375 0.5583333333333333 0.29531250000000003 0.5638888888888889 0.2890625 0.5638888888888889 0.28281249999999997 0.5611111111111111 0.27968750000000003 0.5555555555555556 0.27968750000000003 0.5555555555555556 0.28281249999999997 0.5499999999999999 0.2890625 0.5527777777777778 0.29062499999999997 0.5527777777777778 0.29375
0 0.5499999999999999 0.3109375 0.5499999999999999 0.3171875 0.5527777777777778 0.31875 0.5583333333333333 0.31875 0.5638888888888889 0.3140625 0.5638888888888889 0.303125 0.5527777777777778 0.29531250000000003 0.5527777777777778 0.29375 0.5499999999999999 0.29531250000000003 0.5499999999999999 0.2984375 0.5472222222222223 0.3 0.5472222222222223 0.309375 0.5499999999999999 0.3109375
0 0.5444444444444444 0.303125 0.5444444444444444 0.2984375 0.5472222222222223 0.296875 0.5472222222222223 0.2921875 0.5444444444444444 0.29062499999999997 0.5388888888888889 0.2921875 0.5361111111111111 0.29531250000000003 0.5361111111111111 0.303125 0.5388888888888889 0.30625 0.5444444444444444 0.303125
0 0.5138888888888888 0.3046875 0.5138888888888888 0.3140625 0.5166666666666666 0.315625 0.5222222222222223 0.315625 0.525 0.3140625 0.525 0.29062499999999997 0.5194444444444445 0.28750000000000003 0.5138888888888888 0.29375 0.5138888888888888 0.2984375 0.5111111111111112 0.3 0.5111111111111112 0.303125 0.5138888888888888 0.3046875
0 0.48333333333333334 0.2859375 0.4861111111111111 0.2921875 0.4888888888888889 0.2921875 0.4916666666666667 0.29062499999999997 0.4944444444444444 0.27968750000000003 0.4916666666666667 0.278125 0.4916666666666667 0.27499999999999997 0.48333333333333334 0.27187500000000003 0.48333333333333334 0.27499999999999997 0.48055555555555557 0.2765625 0.48055555555555557 0.284375 0.48333333333333334 0.2859375
0 0.48333333333333334 0.265625 0.48333333333333334 0.2609375 0.48055555555555557 0.2578125 0.475 0.2578125 0.4722222222222222 0.25937499999999997 0.4722222222222222 0.26875 0.4777777777777778 0.2703125 0.48333333333333334 0.265625
0 0.5166666666666666 0.2703125 0.5194444444444445 0.26875 0.5194444444444445 0.265625 0.5166666666666666 0.2625 0.5111111111111112 0.25937499999999997 0.5083333333333333 0.25937499999999997 0.5055555555555555 0.2625 0.5055555555555555 0.26718749999999997 0.5138888888888888 0.2765625 0.5166666666666666 0.2703125
0 0.5305555555555556 0.2890625 0.5305555555555556 0.28125 0.5333333333333333 0.27968750000000003 0.5333333333333333 0.2765625 0.5305555555555556 0.2734375 0.525 0.27187500000000003 0.5222222222222223 0.2734375 0.5194444444444445 0.2765625 0.5194444444444445 0.284375 0.5277777777777778 0.2921875 0.5305555555555556 0.2890625
0 0.5 0.29375 0.5083333333333333 0.3 0.5083333333333333 0.29375 0.5111111111111112 0.2921875 0.5083333333333333 0.2890625 0.5111111111111112 0.28750000000000003 0.5111111111111112 0.27968750000000003 0.5083333333333333 0.2765625 0.5027777777777778 0.27499999999999997 0.5 0.2765625 0.5 0.28515625 0.5083333333333333 0.29062499999999997 0.5 0.29375
0 0.48055555555555557 0.3140625 0.48333333333333334 0.315625 0.4888888888888889 0.3140625 0.4888888888888889 0.309375 0.4944444444444444 0.303125 0.4944444444444444 0.29375 0.4916666666666667 0.29062499999999997 0.4861111111111111 0.29062499999999997 0.4777777777777778 0.3 0.4777777777777778 0.3046875 0.48055555555555557 0.30625 0.48055555555555557 0.3140625
0 0.5027777777777778 0.26406250000000003 0.5055555555555555 0.26406250000000003 0.5083333333333333 0.253125 0.5055555555555555 0.25156249999999997 0.5055555555555555 0.2484375 0.5 0.246875 0.49722222222222223 0.2484375 0.49722222222222223 0.25625000000000003 0.5 0.2578125 0.5027777777777778 0.26406250000000003
0 0.4694444444444445 0.25937499999999997 0.4722222222222222 0.25625000000000003 0.4722222222222222 0.246875 0.4694444444444445 0.2453125 0.4694444444444445 0.2421875 0.4638888888888889 0.2421875 0.4611111111111111 0.2453125 0.4611111111111111 0.2578125 0.4638888888888889 0.25937499999999997 0.4694444444444445 0.25937499999999997
0 0.48055555555555557 0.2546875 0.4861111111111111 0.25625000000000003 0.4888888888888889 0.253125 0.4888888888888889 0.24375 0.4861111111111111 0.240625 0.48333333333333334 0.240625 0.4777777777777778 0.24375 0.4777777777777778 0.25 0.48055555555555557 0.25156249999999997 0.48055555555555557 0.2546875