0 0.2203389837962963 0.3987068958333333 0.2130750601851852 0.41163793055555553 0.21186440740740742 0.45689655092592596 0.21670702083333335 0.4590517245370371 0.22276029166666667 0.4418103449074074 0.2203389837962963 0.3987068958333333
0 0.06779661111111111 0.4310344837962963 0.06416464814814815 0.4310344837962963 0.06416464814814815 0.46336206944444447 0.07384987962962963 0.4590517245370371 0.06779661111111111 0.4310344837962963
0 0.5544794189814815 0.38362068981481484 0.5472154953703704 0.38793103472222223 0.5460048425925925 0.4094827592592593 0.5532687662037037 0.41810344907407404 0.5605326875000001 0.3987068958333333 0.5544794189814815 0.38362068981481484
0 0.5690072638888889 0.28232758564814814 0.5665859560185185 0.3081896550925926 0.5702179166666667 0.31465517129629633 0.5750605324074074 0.290948275462963 0.5690072638888889 0.28232758564814814
0 0.5556900717592592 0.2952586203703704 0.5532687662037037 0.290948275462963 0.548426150462963 0.29741379398148143 0.5472154953703704 0.3189655162037037 0.5532687662037037 0.32543103472222223 0.5569007268518519 0.3189655162037037 0.5556900717592592 0.2952586203703704
0 0.532687650462963 0.30387931018518516 0.5314769976851852 0.3168103449074074 0.5387409189814815 0.3189655162037037 0.5399515740740741 0.29741379398148143 0.532687650462963 0.30387931018518516
0 0.6259079907407407 0.27586206944444447 0.6234866828703703 0.29956896527777777 0.6307506064814815 0.3017241388888889 0.633171912037037 0.28017241435185186 0.6259079907407407 0.27586206944444447
0 0.7191283287037037 0.2564655162037037 0.7179176759259259 0.27586206944444447 0.7251815972222223 0.27801724074074075 0.7251815972222223 0.2543103449074074 0.7191283287037037 0.2564655162037037
0 0.7493946736111111 0.3297413796296296 0.7481840185185185 0.34482758564814814 0.7542372870370371 0.3469827592592593 0.7554479421296297 0.33189655092592596 0.7493946736111111 0.3297413796296296
0 0.5811138009259259 0.3469827592592593 0.5811138009259259 0.3405172407407407 0.5799031481481481 0.33836206944444447 0.5786924930555556 0.3297413796296296 0.5738498796296296 0.3297413796296296 0.5702179166666667 0.3362068958333333 0.5690072638888889 0.3469827592592593 0.5714285717592593 0.3534482754629629 0.5750605324074074 0.3534482754629629 0.5811138009259259 0.3469827592592593
0 0.7796610162037036 0.29741379398148143 0.7796610162037036 0.2887931041666667 0.7760290555555556 0.28448275925925925 0.7736077476851853 0.28663793055555553 0.7711864398148148 0.3060344837962963 0.7723970949074074 0.3081896550925926 0.7760290555555556 0.3081896550925926 0.7796610162037036 0.29741379398148143