0 0.6361111111111112 0.75 0.6055555555555556 0.7078125 0.5833333333333334 0.709375 0.5833333333333334 0.725 0.5638888888888889 0.7328125 0.5416666666666666 0.76875 0.5388888888888889 0.7875 0.5916666666666667 0.8546875 0.6027777777777777 0.8578125 0.6361111111111112 0.75
0 0.5833333333333334 0.5656249999999999 0.5694444444444444 0.540625 0.5555555555555556 0.5421874999999999 0.5361111111111111 0.5625 0.5277777777777778 0.5859375 0.5444444444444444 0.625 0.5666666666666667 0.64375 0.5833333333333334 0.5656249999999999
0 0.6222222222222222 0.609375 0.6472222222222223 0.5812499999999999 0.6444444444444444 0.5640625 0.6166666666666666 0.5390625 0.5861111111111111 0.5703125 0.5833333333333334 0.5906250000000001 0.6027777777777777 0.6359375 0.6166666666666666 0.63125 0.6222222222222222 0.609375
0 0.7305555555555556 0.546875 0.7222222222222222 0.5390625 0.6972222222222222 0.5499999999999999 0.6805555555555556 0.578125 0.6777777777777778 0.6 0.688888888888889 0.6046875 0.6972222222222222 0.5765625 0.7305555555555556 0.546875
0 0.7305555555555556 0.5859375 0.775 0.5734374999999999 0.7777777777777778 0.5671875000000001 0.7555555555555555 0.5640625 0.7527777777777778 0.553125 0.7361111111111112 0.546875 0.7138888888888888 0.5578124999999999 0.6972222222222222 0.578125 0.686111111111111 0.6015625 0.6916666666666667 0.6296875 0.7333333333333334 0.6265625 0.7305555555555556 0.5859375
0 0.6194444444444445 0.478125 0.6166666666666666 0.459375 0.5916666666666667 0.4484375 0.5722222222222222 0.4625 0.5861111111111111 0.5125000000000001 0.6 0.5078125 0.6194444444444445 0.478125
0 0.6416666666666666 0.4359375 0.625 0.45 0.6277777777777778 0.5015625 0.6416666666666666 0.5031249999999999 0.6583333333333333 0.46875 0.6416666666666666 0.4359375
0 0.5166666666666666 0.45625 0.4888888888888889 0.471875 0.5055555555555555 0.525 0.5333333333333333 0.4890625 0.5305555555555556 0.4765625 0.5166666666666666 0.45625
0 0.5666666666666667 0.41875 0.5805555555555556 0.4109375 0.5611111111111111 0.3921875 0.5361111111111111 0.4078125 0.5305555555555556 0.4390625 0.5444444444444444 0.4421875 0.5638888888888889 0.4359375 0.5666666666666667 0.41875
0 0.6305555555555555 0.396875 0.6055555555555556 0.409375 0.6111111111111112 0.4484375 0.6222222222222222 0.4484375 0.6388888888888888 0.421875 0.6305555555555555 0.396875
0 0.5527777777777778 0.3703125 0.5416666666666666 0.390625 0.5722222222222222 0.3921875 0.5750000000000001 0.384375 0.5527777777777778 0.3703125
0 0.4361111111111111 0.4015625 0.4472222222222222 0.44375 0.4638888888888889 0.4171875 0.4527777777777778 0.3890625 0.4361111111111111 0.4015625
0 0.5027777777777778 0.359375 0.4861111111111111 0.3671875 0.4861111111111111 0.4046875 0.5 0.4109375 0.5138888888888888 0.3734375 0.5027777777777778 0.359375
0 0.4611111111111111 0.359375 0.4472222222222222 0.3671875 0.4472222222222222 0.3875 0.4611111111111111 0.4 0.4722222222222222 0.36875 0.4611111111111111 0.359375
0 0.6111111111111112 0.346875 0.5972222222222222 0.353125 0.6027777777777777 0.390625 0.6111111111111112 0.390625 0.6222222222222222 0.3578125 0.6111111111111112 0.346875
0 0.5333333333333333 0.31875 0.525 0.325 0.5222222222222223 0.346875 0.5361111111111111 0.3546875 0.5444444444444444 0.3234375 0.5333333333333333 0.31875
0 0.5638888888888889 0.315625 0.5499999999999999 0.3171875 0.5472222222222223 0.334375 0.5583333333333333 0.35 0.5694444444444444 0.321875 0.5638888888888889 0.315625
0 0.475 0.29375 0.4777777777777778 0.3203125 0.4888888888888889 0.3 0.48333333333333334 0.29062499999999997 0.475 0.29375
0 0.5027777777777778 0.321875 0.5083333333333333 0.2984375 0.4944444444444444 0.296875 0.5027777777777778 0.321875
0 0.5166666666666666 0.296875 0.525 0.3203125 0.5305555555555556 0.3015625 0.5222222222222223 0.2921875 0.5166666666666666 0.296875
0 0.5527777777777778 0.315625 0.5638888888888889 0.29531250000000003 0.5499999999999999 0.2921875 0.5527777777777778 0.315625
0 0.5444444444444444 0.303125 0.5472222222222223 0.27968750000000003 0.5361111111111111 0.28125 0.5444444444444444 0.303125
0 0.49722222222222223 0.28281249999999997 0.4888888888888889 0.28750000000000003 0.4916666666666667 0.3078125 0.5 0.309375 0.5055555555555555 0.2921875 0.49722222222222223 0.28281249999999997