0 0.375 0.8640625 0.3861111111111111 0.784375 0.4027777777777778 0.7515625 0.3638888888888889 0.7171875 0.325 0.740625 0.3138888888888889 0.7578125 0.35 0.825 0.35555555555555557 0.8609375 0.375 0.8640625
0 0.5222222222222223 0.9421875 0.5222222222222223 0.9640625 0.5416666666666666 0.9828125 0.5527777777777778 0.9734375 0.5444444444444444 0.8859375 0.5527777777777778 0.8734375 0.5777777777777777 0.8734375 0.5833333333333334 0.8625 0.5777777777777777 0.85625 0.5472222222222223 0.853125 0.5277777777777778 0.8390625 0.5277777777777778 0.825 0.5055555555555555 0.8203125 0.4777777777777778 0.86875 0.4638888888888889 0.9 0.4694444444444445 0.91875 0.48333333333333334 0.93125 0.5222222222222223 0.9421875
0 0.5777777777777777 0.675 0.5527777777777778 0.6484375 0.5111111111111112 0.68125 0.5138888888888888 0.7515625 0.5416666666666666 0.7609375 0.5805555555555556 0.696875 0.5777777777777777 0.675
0 0.5416666666666666 0.6453125 0.5222222222222223 0.609375 0.5111111111111112 0.60625 0.5027777777777778 0.6109375 0.4888888888888889 0.6296875 0.49722222222222223 0.6359375 0.5 0.6859375 0.5416666666666666 0.6453125
0 0.6444444444444444 0.6015625 0.6333333333333334 0.603125 0.6166666666666666 0.6234375 0.6222222222222222 0.6890625 0.6444444444444444 0.6953125 0.6916666666666667 0.6234375 0.6444444444444444 0.6015625
0 0.7333333333333334 0.728125 0.7416666666666666 0.6734375 0.7583333333333334 0.65 0.7333333333333334 0.6109375 0.7194444444444444 0.6109375 0.688888888888889 0.6484375 0.688888888888889 0.6921875 0.725 0.703125 0.7194444444444444 0.721875 0.7333333333333334 0.728125
0 0.7833333333333333 0.5734374999999999 0.7777777777777778 0.5484375 0.7666666666666666 0.5437500000000001 0.7444444444444445 0.546875 0.7277777777777777 0.5703125 0.725 0.6078125 0.7388888888888888 0.615625 0.7583333333333334 0.5890624999999999 0.7833333333333333 0.5734374999999999
0 0.7361111111111112 0.5359375000000001 0.7138888888888888 0.5421874999999999 0.6916666666666667 0.5765625 0.686111111111111 0.6 0.7111111111111111 0.6125 0.7416666666666666 0.5484375 0.7361111111111112 0.5359375000000001
0 0.6583333333333333 0.5640625 0.6833333333333333 0.525 0.6638888888888889 0.4875 0.6277777777777778 0.5125000000000001 0.6222222222222222 0.525 0.6361111111111112 0.5265624999999999 0.6416666666666666 0.5546875 0.6583333333333333 0.5640625
0 0.5833333333333334 0.50625 0.6 0.4578125 0.5833333333333334 0.4390625 0.5666666666666667 0.4375 0.5527777777777778 0.4515625 0.5555555555555556 0.4765625 0.5666666666666667 0.5031249999999999 0.5833333333333334 0.50625
0 0.65 0.4 0.6277777777777778 0.4171875 0.6305555555555555 0.4609375 0.6472222222222223 0.4625 0.6638888888888889 0.4296875 0.65 0.4
0 0.5527777777777778 0.3578125 0.5388888888888889 0.36875 0.5361111111111111 0.39375 0.5527777777777778 0.403125 0.5666666666666667 0.396875 0.5527777777777778 0.3578125
0 0.5583333333333333 0.3546875 0.5750000000000001 0.3875 0.5888888888888889 0.3546875 0.5750000000000001 0.34375 0.5583333333333333 0.3546875
0 0.4944444444444444 0.340625 0.5055555555555555 0.378125 0.5138888888888888 0.34375 0.5055555555555555 0.3359375 0.4944444444444444 0.340625
0 0.5083333333333333 0.334375 0.5167449143518519 0.35140844907407404 0.5277777777777778 0.3296875 0.5222222222222223 0.321875 0.5138888888888888 0.3234375 0.5083333333333333 0.334375
0 0.4944444444444444 0.321875 0.4861111111111111 0.325 0.48333333333333334 0.3578125 0.4916666666666667 0.359375 0.5027777777777778 0.33125 0.4944444444444444 0.321875
0 0.5888888888888889 0.3125 0.5805555555555556 0.315625 0.5833333333333334 0.3453125 0.5972222222222222 0.3234375 0.5888888888888889 0.3125
0 0.5722222222222222 0.3015625 0.5777777777777777 0.3296875 0.5861111111111111 0.303125 0.5805555555555556 0.2984375 0.5722222222222222 0.3015625