0 0.425 0.7609375 0.4277777777777778 0.734375 0.4527777777777778 0.7328125 0.45 0.7171875 0.4694444444444445 0.7 0.4694444444444445 0.6734375 0.45 0.653125 0.4305555555555556 0.6546875 0.3972222222222222 0.684375 0.39444444444444443 0.7 0.4138888888888889 0.7015625 0.4138888888888889 0.7578125 0.425 0.7609375
0 0.6972222222222222 0.65 0.7583333333333334 0.6546875 0.7444444444444445 0.5953125 0.7694444444444444 0.5953125 0.7833333333333333 0.5875 0.8055555555555556 0.5890624999999999 0.8055555555555556 0.584375 0.7611111111111112 0.5812499999999999 0.7527777777777778 0.5671875000000001 0.7388888888888888 0.5625 0.7083333333333334 0.5734374999999999 0.688888888888889 0.59375 0.7055555555555556 0.609375 0.6833333333333333 0.61875 0.7 0.628125 0.6972222222222222 0.65
0 0.5416666666666666 0.5750000000000001 0.5638888888888889 0.55625 0.5361111111111111 0.5281250000000001 0.5222222222222223 0.5343749999999999 0.5138888888888888 0.5750000000000001 0.525 0.6125 0.5361111111111111 0.6140625 0.5416666666666666 0.5750000000000001
0 0.4277777777777778 0.5984375 0.4361111111111111 0.59375 0.4444444444444444 0.5375 0.4305555555555556 0.5187499999999999 0.4166666666666667 0.5187499999999999 0.4027777777777778 0.5343749999999999 0.4055555555555555 0.5828125000000001 0.4111111111111111 0.5953125 0.4277777777777778 0.5984375
0 0.48333333333333334 0.4828125 0.4722222222222222 0.4828125 0.4527777777777778 0.5 0.4583333333333333 0.5546875 0.475 0.5578124999999999 0.49722222222222223 0.5046875000000001 0.48333333333333334 0.4828125
0 0.5055555555555555 0.5750000000000001 0.5138888888888888 0.540625 0.5361111111111111 0.525 0.5361111111111111 0.5171875 0.5194444444444445 0.4921875 0.4944444444444444 0.509375 0.4888888888888889 0.5343749999999999 0.49722222222222223 0.5390625 0.49722222222222223 0.5734374999999999 0.5055555555555555 0.5750000000000001
0 0.6111111111111112 0.5515625000000001 0.625 0.49375 0.6083333333333334 0.4765625 0.5972222222222222 0.4796875 0.5805555555555556 0.5015625 0.5777777777777777 0.5140625 0.5916666666666667 0.5203125000000001 0.5944444444444444 0.5437500000000001 0.6111111111111112 0.5515625000000001
0 0.6833333333333333 0.5031249999999999 0.6694444444444444 0.46875 0.6388888888888888 0.4875 0.6388888888888888 0.5265624999999999 0.6444444444444444 0.5421874999999999 0.6583333333333333 0.5453125 0.6833333333333333 0.5031249999999999
0 0.5166666666666666 0.396875 0.5222222222222223 0.4 0.525 0.4 0.5277777777777778 0.3984375 0.5277777777777778 0.39375 0.5305555555555556 0.3921875 0.5305555555555556 0.38125 0.5416666666666666 0.375 0.5416666666666666 0.365625 0.5333333333333333 0.35625 0.5277777777777778 0.353125 0.525 0.353125 0.5166666666666666 0.359375 0.5111111111111112 0.365625 0.5111111111111112 0.36875 0.5166666666666666 0.371875 0.5166666666666666 0.396875
0 0.48333333333333334 0.384375 0.4861111111111111 0.3953125 0.4916666666666667 0.3984375 0.4944444444444444 0.3984375 0.49722222222222223 0.3953125 0.49722222222222223 0.3859375 0.5055555555555555 0.3796875 0.5055555555555555 0.36875 0.5 0.365625 0.49722222222222223 0.3609375 0.4916666666666667 0.3609375 0.48333333333333334 0.3703125 0.48333333333333334 0.3734375 0.48055555555555557 0.375 0.48055555555555557 0.3828125 0.48333333333333334 0.384375
0 0.5722222222222222 0.36875 0.5750000000000001 0.3671875 0.5750000000000001 0.3609375 0.5777777777777777 0.359375 0.5777777777777777 0.35 0.5805555555555556 0.3484375 0.5805555555555556 0.34375 0.5777777777777777 0.3421875 0.5777777777777777 0.3375 0.5694444444444444 0.3375 0.5666666666666667 0.3390625 0.5638888888888889 0.3484375 0.5694444444444444 0.353125 0.5694444444444444 0.3671875 0.5722222222222222 0.36875
0 0.5722222222222222 0.334375 0.5750000000000001 0.3328125 0.5833333333333334 0.334375 0.5777777777777777 0.3203125 0.5722222222222222 0.31875 0.5694444444444444 0.321875 0.5694444444444444 0.325 0.5666666666666667 0.3265625 0.5666666666666667 0.334375 0.5722222222222222 0.334375
0 0.5305555555555556 0.3515625 0.5361111111111111 0.3546875 0.5416666666666666 0.3484375 0.5416666666666666 0.34375 0.5444444444444444 0.3421875 0.5472222222222223 0.3359375 0.5472222222222223 0.3296875 0.5444444444444444 0.328125 0.5416666666666666 0.321875 0.5388888888888889 0.3203125 0.5333333333333333 0.321875 0.5277777777777778 0.328125 0.5277777777777778 0.3421875 0.5305555555555556 0.34375 0.5305555555555556 0.3515625
0 0.5027777777777778 0.3421875 0.5027777777777778 0.353125 0.5083333333333333 0.353125 0.5111111111111112 0.3515625 0.5111111111111112 0.3453125 0.5166666666666666 0.3390625 0.5166666666666666 0.3296875 0.5138888888888888 0.328125 0.5138888888888888 0.3234375 0.5111111111111112 0.3203125 0.5055555555555555 0.321875 0.5 0.328125 0.49722222222222223 0.334375 0.5 0.3359375 0.5 0.340625 0.5027777777777778 0.3421875
0 0.5333333333333333 0.31875 0.5333333333333333 0.3140625 0.5361111111111111 0.3125 0.5361111111111111 0.30625 0.5333333333333333 0.303125 0.5277777777777778 0.3015625 0.525 0.303125 0.525 0.3203125 0.5277777777777778 0.3234375 0.5333333333333333 0.31875
0 0.48055555555555557 0.3140625 0.4861111111111111 0.3171875 0.4861111111111111 0.31875 0.4916666666666667 0.3203125 0.49722222222222223 0.3 0.4916666666666667 0.29375 0.4888888888888889 0.29375 0.48333333333333334 0.2984375 0.48333333333333334 0.3015625 0.48055555555555557 0.303125 0.4916666666666667 0.3109375 0.48055555555555557 0.3140625
0 0.5333333333333333 0.3015625 0.5361111111111111 0.3078125 0.5388888888888889 0.3078125 0.5416666666666666 0.2921875 0.5361111111111111 0.28750000000000003 0.5305555555555556 0.28750000000000003 0.5277777777777778 0.2890625 0.5305555555555556 0.29062499999999997 0.5305555555555556 0.3 0.5333333333333333 0.3015625
0 0.5166666666666666 0.3109375 0.5222222222222223 0.3109375 0.5222222222222223 0.3078125 0.5277777777777778 0.3015625 0.5277777777777778 0.2890625 0.525 0.2859375 0.5194444444444445 0.2859375 0.5138888888888888 0.2890625 0.5138888888888888 0.3046875 0.5166666666666666 0.30625 0.5166666666666666 0.3109375
0 0.5277777777777778 0.284375 0.525 0.28281249999999997 0.525 0.27968750000000003 0.5222222222222223 0.278125 0.5194444444444445 0.27968750000000003 0.5166666666666666 0.28750000000000003 0.525 0.29062499999999997 0.5277777777777778 0.2890625 0.5277777777777778 0.284375
0 0.49722222222222223 0.2984375 0.5055555555555555 0.2890625 0.5055555555555555 0.284375 0.5027777777777778 0.28281249999999997 0.5027777777777778 0.278125 0.5 0.27499999999999997 0.4916666666666667 0.28125 0.4888888888888889 0.28750000000000003 0.4916666666666667 0.2890625 0.4916666666666667 0.29375 0.49722222222222223 0.2984375
0 0.4666666666666667 0.28750000000000003 0.4722222222222222 0.2890625 0.475 0.28750000000000003 0.475 0.28125 0.4777777777777778 0.27968750000000003 0.4777777777777778 0.26875 0.4694444444444445 0.26406250000000003 0.4638888888888889 0.265625 0.4611111111111111 0.26875 0.4611111111111111 0.27968750000000003 0.4638888888888889 0.28125 0.4666666666666667 0.28750000000000003
0 0.5083333333333333 0.284375 0.5111111111111112 0.284375 0.5166666666666666 0.28125 0.5166666666666666 0.27187500000000003 0.5138888888888888 0.2703125 0.5083333333333333 0.27187500000000003 0.5055555555555555 0.27499999999999997 0.5055555555555555 0.27968750000000003 0.5083333333333333 0.28125 0.5083333333333333 0.284375
0 0.5 0.2703125 0.5027777777777778 0.26875 0.5027777777777778 0.2578125 0.49722222222222223 0.2578125 0.4916666666666667 0.2609375 0.4916666666666667 0.26875 0.4944444444444444 0.2703125 0.5 0.2703125
0 0.48333333333333334 0.26718749999999997 0.4888888888888889 0.26406250000000003 0.4888888888888889 0.253125 0.48333333333333334 0.253125 0.48055555555555557 0.25625000000000003 0.48055555555555557 0.2625 0.48333333333333334 0.26406250000000003 0.48333333333333334 0.26718749999999997