0 0.4416666666666667 0.6625 0.4416666666666667 0.678125 0.4527777777777778 0.678125 0.4527777777777778 0.6609375 0.4388888888888889 0.6546875 0.4555555555555556 0.646875 0.4611111111111111 0.6328125 0.4722222222222222 0.6296875 0.4861111111111111 0.6359375 0.4527777777777778 0.5875 0.4388888888888889 0.5890624999999999 0.4083333333333333 0.615625 0.4027777777777778 0.63125 0.4222222222222222 0.6359375 0.4222222222222222 0.65625 0.4416666666666667 0.6625
0 0.7416666666666666 0.65 0.7583333333333334 0.6578125 0.7444444444444445 0.6171875 0.7472222222222222 0.596875 0.7777777777777778 0.59375 0.7555555555555555 0.5796875 0.7527777777777778 0.5671875000000001 0.7388888888888888 0.5625 0.7166666666666667 0.56875 0.688888888888889 0.5921875 0.6833333333333333 0.6234375 0.7 0.6359375 0.7 0.6515625 0.7416666666666666 0.65
0 0.6527777777777778 0.5875 0.6666666666666666 0.546875 0.6722222222222222 0.5421874999999999 0.686111111111111 0.5453125 0.6777777777777778 0.5359375000000001 0.686111111111111 0.5328125 0.6833333333333333 0.521875 0.6611111111111112 0.4984375 0.6277777777777778 0.5234375 0.625 0.53125 0.6388888888888888 0.5437500000000001 0.6416666666666666 0.584375 0.6527777777777778 0.5875
0 0.5972222222222222 0.5890624999999999 0.6222222222222222 0.546875 0.6222222222222222 0.53125 0.6083333333333334 0.50625 0.5833333333333334 0.5203125000000001 0.5777777777777777 0.546875 0.5861111111111111 0.553125 0.5861111111111111 0.5859375 0.5972222222222222 0.5890624999999999
0 0.5555555555555556 0.5515625000000001 0.5472222222222223 0.5609375 0.5555555555555556 0.5609375 0.5583333333333333 0.5499999999999999 0.5750000000000001 0.5515625000000001 0.5777777777777777 0.525 0.5944444444444444 0.5078125 0.5694444444444444 0.484375 0.5499999999999999 0.5078125 0.5499999999999999 0.5359375000000001 0.5611111111111111 0.540625 0.5472222222222223 0.546875 0.5555555555555556 0.5515625000000001
0 0.5388888888888889 0.4734375 0.5111111111111112 0.4859375 0.5055555555555555 0.496875 0.5138888888888888 0.5343749999999999 0.5305555555555556 0.5453125 0.5499999999999999 0.5046875000000001 0.5388888888888889 0.4734375
0 0.48055555555555557 0.4625 0.4583333333333333 0.4765625 0.4611111111111111 0.5281250000000001 0.48055555555555557 0.5328125 0.5 0.48125 0.48055555555555557 0.4625
0 0.4444444444444444 0.553125 0.4527777777777778 0.5125000000000001 0.4388888888888889 0.4953125 0.425 0.4953125 0.4166666666666667 0.5140625 0.4222222222222222 0.5625 0.4305555555555556 0.56875 0.4444444444444444 0.553125
0 0.5166666666666666 0.3828125 0.5333333333333333 0.3609375 0.5222222222222223 0.346875 0.5138888888888888 0.346875 0.5055555555555555 0.3546875 0.5055555555555555 0.3828125 0.525 0.3890625 0.5166666666666666 0.3828125
0 0.48333333333333334 0.35625 0.4888888888888889 0.3859375 0.5027777777777778 0.3609375 0.4916666666666667 0.35 0.48333333333333334 0.35625
0 0.5777777777777777 0.3421875 0.5666666666666667 0.346875 0.5666666666666667 0.3734375 0.5750000000000001 0.375 0.5833333333333334 0.346875 0.5777777777777777 0.3421875
0 0.5722222222222222 0.340625 0.5805555555555556 0.340625 0.5833333333333334 0.3421875 0.5861111111111111 0.340625 0.5861111111111111 0.3296875 0.5805555555555556 0.325 0.5750000000000001 0.3265625 0.5750000000000001 0.3296875 0.5694444444444444 0.334375 0.5694444444444444 0.3390625 0.5722222222222222 0.340625
0 0.5222222222222223 0.334375 0.5222222222222223 0.3453125 0.5277777777777778 0.346875 0.5333333333333333 0.34375 0.5333333333333333 0.3375 0.5361111111111111 0.3359375 0.5361111111111111 0.321875 0.5333333333333333 0.3203125 0.525 0.3203125 0.5222222222222223 0.3234375 0.5222222222222223 0.328125 0.5194444444444445 0.3296875 0.5194444444444445 0.3328125 0.5222222222222223 0.334375
0 0.5083333333333333 0.3453125 0.5111111111111112 0.34375 0.5111111111111112 0.340625 0.5166666666666666 0.334375 0.5166666666666666 0.3171875 0.5083333333333333 0.3125 0.5027777777777778 0.31875 0.5027777777777778 0.3234375 0.5 0.325 0.5 0.3375 0.5083333333333333 0.3453125
0 0.5361111111111111 0.3171875 0.5388888888888889 0.31875 0.5416666666666666 0.315625 0.5416666666666666 0.3046875 0.5388888888888889 0.3015625 0.5277777777777778 0.303125 0.525 0.30625 0.525 0.3125 0.5305555555555556 0.3171875 0.5361111111111111 0.3171875
0 0.5 0.3046875 0.5027777777777778 0.30625 0.5027777777777778 0.3140625 0.5055555555555555 0.3125 0.5055555555555555 0.309375 0.5111111111111112 0.303125 0.5111111111111112 0.284375 0.5083333333333333 0.28281249999999997 0.5083333333333333 0.27968750000000003 0.5027777777777778 0.278125 0.49722222222222223 0.284375 0.49722222222222223 0.296875 0.5 0.2984375 0.5 0.3046875
0 0.4777777777777778 0.3171875 0.48333333333333334 0.3140625 0.4861111111111111 0.3109375 0.4861111111111111 0.30625 0.4888888888888889 0.3046875 0.4888888888888889 0.29375 0.48333333333333334 0.29062499999999997 0.4777777777777778 0.2921875 0.4777777777777778 0.29531250000000003 0.475 0.296875 0.475 0.3171875 0.4777777777777778 0.3171875
0 0.5388888888888889 0.3015625 0.5388888888888889 0.28750000000000003 0.5305555555555556 0.28281249999999997 0.5277777777777778 0.28281249999999997 0.5222222222222223 0.2859375 0.5222222222222223 0.30625 0.525 0.3078125 0.5388888888888889 0.3015625
0 0.48055555555555557 0.27968750000000003 0.48055555555555557 0.265625 0.4777777777777778 0.2625 0.4722222222222222 0.2625 0.4666666666666667 0.26718749999999997 0.4638888888888889 0.278125 0.475 0.28750000000000003 0.4777777777777778 0.28125 0.48055555555555557 0.27968750000000003
0 0.5111111111111112 0.28750000000000003 0.5166666666666666 0.28750000000000003 0.5222222222222223 0.28125 0.5222222222222223 0.27499999999999997 0.5166666666666666 0.27187500000000003 0.5138888888888888 0.27187500000000003 0.5138888888888888 0.27499999999999997 0.5083333333333333 0.27968750000000003 0.5111111111111112 0.28281249999999997 0.5111111111111112 0.28750000000000003
0 0.4611111111111111 0.27968750000000003 0.4694444444444445 0.27968750000000003 0.4666666666666667 0.2765625 0.4666666666666667 0.2734375 0.4694444444444445 0.27187500000000003 0.4694444444444445 0.2625 0.4638888888888889 0.25937499999999997 0.4583333333333333 0.2625 0.4583333333333333 0.26875 0.4555555555555556 0.2703125 0.4583333333333333 0.2765625 0.4611111111111111 0.27968750000000003
0 0.5027777777777778 0.26406250000000003 0.5 0.2625 0.5 0.25625000000000003 0.4944444444444444 0.25625000000000003 0.4888888888888889 0.2625 0.4916666666666667 0.26875 0.4944444444444444 0.26875 0.5027777777777778 0.26406250000000003
0 0.5055555555555555 0.26406250000000003 0.5083333333333333 0.2625 0.5083333333333333 0.2546875 0.5055555555555555 0.253125 0.5 0.2546875 0.5 0.25937499999999997 0.49722222222222223 0.2609375 0.5027777777777778 0.26406250000000003 0.5055555555555555 0.26406250000000003
0 0.5 0.28125 0.5055555555555555 0.2765625 0.5055555555555555 0.2703125 0.5027777777777778 0.26718749999999997 0.49722222222222223 0.26718749999999997 0.4944444444444444 0.26875 0.4916666666666667 0.27187500000000003 0.4916666666666667 0.278125 0.4944444444444444 0.28125 0.5 0.28125