0 0.5638888888888889 0.3890625 0.5472222222222223 0.371875 0.5333333333333333 0.38125 0.5333333333333333 0.415625 0.5527777777777778 0.4203125 0.5666666666666667 0.4140625 0.5638888888888889 0.3890625
0 0.5583333333333333 0.3546875 0.5444444444444444 0.371875 0.5694444444444444 0.39375 0.5805555555555556 0.3671875 0.5583333333333333 0.3546875
0 0.6583333333333333 0.4296875 0.6305555555555555 0.4546875 0.6388888888888888 0.4984375 0.6555555555555556 0.509375 0.6722222222222222 0.465625 0.6583333333333333 0.4296875
0 0.5694444444444444 0.515625 0.5861111111111111 0.5078125 0.5583333333333333 0.4765625 0.525 0.5 0.5361111111111111 0.5609375 0.5444444444444444 0.5609375 0.5583333333333333 0.5499999999999999 0.5694444444444444 0.515625
0 0.4444444444444444 0.5359375000000001 0.4138888888888889 0.5578124999999999 0.425 0.615625 0.4527777777777778 0.6359375 0.475 0.5656249999999999 0.4444444444444444 0.5359375000000001
0 0.688888888888889 0.6078125 0.6916666666666667 0.6 0.6638888888888889 0.5546875 0.6277777777777778 0.5812499999999999 0.6361111111111112 0.6328125 0.6527777777777778 0.653125 0.6694444444444444 0.6125 0.688888888888889 0.6078125
0 0.7555555555555555 0.5765625 0.7805555555555556 0.5578124999999999 0.7638888888888888 0.5281250000000001 0.75 0.5281250000000001 0.7361111111111112 0.5375 0.7222222222222222 0.5593750000000001 0.7138888888888888 0.6140625 0.7277777777777777 0.6171875 0.7388888888888888 0.615625 0.7555555555555555 0.5765625
0 0.7444444444444445 0.53125 0.7388888888888888 0.5234375 0.7111111111111111 0.53125 0.688888888888889 0.5625 0.6916666666666667 0.5859375 0.7138888888888888 0.59375 0.7222222222222222 0.5546875 0.7444444444444445 0.53125
0 0.7194444444444444 0.8625 0.7166666666666667 0.875 0.7277777777777777 0.88125 0.7444444444444445 0.8375 0.7888888888888889 0.790625 0.7222222222222222 0.753125 0.7 0.75625 0.6777777777777778 0.7828125 0.688888888888889 0.8203125 0.6833333333333333 0.84375 0.7194444444444444 0.8625
0 0.5583333333333333 0.84375 0.525 0.8 0.5 0.803125 0.4861111111111111 0.815625 0.5027777777777778 0.91875 0.5166666666666666 0.921875 0.525 0.940625 0.5583333333333333 0.84375
0 0.6833333333333333 0.896875 0.6638888888888889 0.9 0.6166666666666666 0.953125 0.6333333333333334 0.9984375 0.7 0.9984375 0.7194444444444444 0.9390625 0.6833333333333333 0.896875
0 0.8027777777777778 0.9578125 0.8222222222222222 0.903125 0.8333333333333334 0.8921875 0.8583333333333334 0.8890625 0.8666666666666666 0.875 0.8638888888888888 0.840625 0.8305555555555556 0.803125 0.811111111111111 0.80625 0.8055555555555556 0.825 0.7861111111111112 0.8296875 0.7638888888888888 0.8484375 0.7583333333333334 0.8640625 0.7833333333333333 0.8921875 0.7833333333333333 0.9453125 0.8027777777777778 0.9578125
0 0.5694444444444444 0.3046875 0.5777777777777777 0.3328125 0.5888888888888889 0.3125 0.5833333333333334 0.296875 0.5694444444444444 0.3046875
0 0.5805555555555556 0.315625 0.5833333333333334 0.3484375 0.6 0.3203125 0.5916666666666667 0.3125 0.5805555555555556 0.315625
0 0.4944444444444444 0.3109375 0.4916666666666667 0.3390625 0.5 0.3421875 0.5083333333333333 0.3109375 0.4944444444444444 0.3109375
0 0.5083333333333333 0.296875 0.5027777777777778 0.303125 0.5166666666666666 0.33125 0.525 0.303125 0.5083333333333333 0.296875
0 0.4777777777777778 0.2984375 0.48333333333333334 0.3296875 0.49722222222222223 0.3015625 0.4888888888888889 0.29375 0.4777777777777778 0.2984375