0 0.35833333333333334 0.8390625 0.3833333333333333 0.85625 0.4083333333333333 0.76875 0.4027777777777778 0.746875 0.375 0.7265625 0.35833333333333334 0.73125 0.325 0.76875 0.3194444444444444 0.790625 0.3305555555555556 0.7984375 0.35 0.8 0.35833333333333334 0.8390625
0 0.6388888888888888 0.678125 0.6472222222222223 0.6765625 0.6611111111111112 0.6859375 0.6527777777777778 0.6421875 0.6416666666666666 0.6359375 0.6361111111111112 0.6171875 0.6027777777777777 0.64375 0.6 0.6671875 0.6166666666666666 0.7203125 0.6277777777777778 0.7234375 0.6388888888888888 0.678125
0 0.725 0.6375 0.7083333333333334 0.628125 0.7194444444444444 0.6171875 0.7194444444444444 0.59375 0.75 0.5906250000000001 0.7694444444444444 0.5812499999999999 0.7444444444444445 0.5734374999999999 0.7472222222222222 0.5625 0.7361111111111112 0.55625 0.7055555555555556 0.5609375 0.686111111111111 0.5906250000000001 0.6805555555555556 0.6125 0.688888888888889 0.6390625 0.7111111111111111 0.634375 0.725 0.6375
0 0.7111111111111111 0.5640625 0.7333333333333334 0.5593750000000001 0.7333333333333334 0.553125 0.7027777777777778 0.5593750000000001 0.675 0.5859375 0.6666666666666666 0.6078125 0.6833333333333333 0.615625 0.6916666666666667 0.5828125000000001 0.7111111111111111 0.5640625
0 0.6361111111111112 0.540625 0.625 0.515625 0.6138888888888888 0.5078125 0.6027777777777777 0.5109374999999999 0.5888888888888889 0.5359375000000001 0.5972222222222222 0.5734374999999999 0.6111111111111112 0.5859375 0.6361111111111112 0.540625
0 0.5111111111111112 0.6109375 0.5166666666666666 0.5796875 0.5388888888888889 0.571875 0.5388888888888889 0.55625 0.5055555555555555 0.525 0.4777777777777778 0.5453125 0.4861111111111111 0.6140625 0.49722222222222223 0.6203125 0.5 0.6109375 0.5111111111111112 0.6109375
0 0.4277777777777778 0.5906250000000001 0.4361111111111111 0.6046875 0.4583333333333333 0.5390625 0.4361111111111111 0.515625 0.4083333333333333 0.5328125 0.4111111111111111 0.5773437499999999 0.425 0.5812499999999999 0.4111111111111111 0.5875 0.4277777777777778 0.5906250000000001
0 0.4777777777777778 0.4390625 0.4944444444444444 0.4328125 0.475 0.403125 0.4666666666666667 0.403125 0.4472222222222222 0.43125 0.4583333333333333 0.43125 0.4694444444444445 0.4640625 0.4777777777777778 0.4390625
0 0.5638888888888889 0.3875 0.5583333333333333 0.3703125 0.5472222222222223 0.3671875 0.5388888888888889 0.375 0.5416666666666666 0.415625 0.5555555555555556 0.4125 0.5638888888888889 0.3875
0 0.5916666666666667 0.3703125 0.5722222222222222 0.3765625 0.5833333333333334 0.41875 0.5944444444444444 0.4140625 0.6027777777777777 0.3828125 0.5916666666666667 0.3703125
0 0.5722222222222222 0.340625 0.5611111111111111 0.34375 0.5555555555555556 0.3546875 0.5666666666666667 0.3765625 0.5777777777777777 0.3515625 0.5722222222222222 0.340625
0 0.5694444444444444 0.38125 0.5722222222222222 0.38125 0.5722222222222222 0.3796875 0.5888888888888889 0.371875 0.5916666666666667 0.36875 0.5916666666666667 0.359375 0.5888888888888889 0.35625 0.5861111111111111 0.35625 0.5805555555555556 0.353125 0.5722222222222222 0.3578125 0.5694444444444444 0.3609375 0.5694444444444444 0.37109375 0.5750000000000001 0.3765625 0.5694444444444444 0.38125
0 0.5805555555555556 0.35 0.5888888888888889 0.35625 0.5944444444444444 0.35625 0.5972222222222222 0.35 0.5944444444444444 0.346875 0.5944444444444444 0.3390625 0.5861111111111111 0.3328125 0.5805555555555556 0.3359375 0.5777777777777777 0.3390625 0.5777777777777777 0.3453125 0.5805555555555556 0.346875 0.5805555555555556 0.35
0 0.5666666666666667 0.3359375 0.5694444444444444 0.3390625 0.5722222222222222 0.3390625 0.5750000000000001 0.3375 0.5750000000000001 0.33125 0.5777777777777777 0.3296875 0.5805555555555556 0.3109375 0.5777777777777777 0.3078125 0.5722222222222222 0.30625 0.5694444444444444 0.3078125 0.5638888888888889 0.3140625 0.5638888888888889 0.321875 0.5666666666666667 0.3234375 0.5666666666666667 0.3359375
0 0.5555555555555556 0.3453125 0.5555555555555556 0.340625 0.5583333333333333 0.3390625 0.5583333333333333 0.3296875 0.5527777777777778 0.325 0.5527777777777778 0.3203125 0.5472222222222223 0.3203125 0.5388888888888889 0.3296875 0.5361111111111111 0.3390625 0.5444444444444444 0.3484375 0.5499999999999999 0.35 0.5555555555555556 0.3453125
0 0.5027777777777778 0.384375 0.5138888888888888 0.3859375 0.5166666666666666 0.384375 0.5194444444444445 0.3671875 0.5222222222222223 0.365625 0.525 0.359375 0.525 0.3515625 0.5166666666666666 0.34375 0.5138888888888888 0.34375 0.5138888888888888 0.3453125 0.5055555555555555 0.35 0.5027777777777778 0.353125 0.5027777777777778 0.3671875 0.5055555555555555 0.36875 0.5027777777777778 0.384375
0 0.4944444444444444 0.359375 0.5 0.365625 0.5 0.3578125 0.5027777777777778 0.35625 0.5027777777777778 0.3515625 0.5111111111111112 0.3453125 0.5111111111111112 0.3359375 0.5055555555555555 0.3296875 0.5 0.3296875 0.4888888888888889 0.3421875 0.4888888888888889 0.346875 0.4916666666666667 0.3484375 0.4944444444444444 0.359375
0 0.4583333333333333 0.3484375 0.4611111111111111 0.35 0.4611111111111111 0.353125 0.4583333333333333 0.3546875 0.4611111111111111 0.35625 0.4611111111111111 0.371875 0.4722222222222222 0.371875 0.475 0.3703125 0.475 0.3640625 0.4777777777777778 0.3625 0.4777777777777778 0.353125 0.48055555555555557 0.3515625 0.48055555555555557 0.3453125 0.4777777777777778 0.34375 0.4777777777777778 0.334375 0.4694444444444445 0.3296875 0.4638888888888889 0.3328125 0.4638888888888889 0.3375 0.4611111111111111 0.3390625 0.4583333333333333 0.3453125 0.4583333333333333 0.3484375
0 0.475 0.325 0.48055555555555557 0.3203125 0.48333333333333334 0.3140625 0.48333333333333334 0.296875 0.48055555555555557 0.29531250000000003 0.4722222222222222 0.3015625 0.4694444444444445 0.3140625 0.4722222222222222 0.315625 0.4722222222222222 0.325 0.475 0.325
0 0.4944444444444444 0.315625 0.5027777777777778 0.315625 0.5055555555555555 0.3140625 0.5055555555555555 0.30625 0.5083333333333333 0.3046875 0.5083333333333333 0.2921875 0.5055555555555555 0.29062499999999997 0.4944444444444444 0.29531250000000003 0.4944444444444444 0.2984375 0.4916666666666667 0.3 0.4916666666666667 0.3140625 0.4944444444444444 0.315625
0 0.5222222222222223 0.309375 0.525 0.3109375 0.525 0.315625 0.5305555555555556 0.315625 0.5361111111111111 0.3109375 0.5388888888888889 0.29531250000000003 0.5277777777777778 0.28750000000000003 0.5222222222222223 0.29375 0.5222222222222223 0.296875 0.5194444444444445 0.2984375 0.5222222222222223 0.3015625 0.5222222222222223 0.309375
0 0.5166666666666666 0.29531250000000003 0.5194444444444445 0.29531250000000003 0.5194444444444445 0.29375 0.5277777777777778 0.2890625 0.5277777777777778 0.28125 0.5222222222222223 0.2765625 0.5166666666666666 0.278125 0.5138888888888888 0.28125 0.5138888888888888 0.28750000000000003 0.5166666666666666 0.2890625 0.5166666666666666 0.29531250000000003
0 0.5111111111111112 0.28125 0.5083333333333333 0.278125 0.5027777777777778 0.278125 0.5 0.28125 0.5 0.29062499999999997 0.5111111111111112 0.2921875 0.5111111111111112 0.28125
0 0.4777777777777778 0.2921875 0.48333333333333334 0.29531250000000003 0.4861111111111111 0.29375 0.4861111111111111 0.284375 0.4888888888888889 0.28281249999999997 0.4888888888888889 0.278125 0.48333333333333334 0.27187500000000003 0.4777777777777778 0.2734375 0.475 0.2765625 0.475 0.2859375 0.4777777777777778 0.28750000000000003 0.4777777777777778 0.2921875
0 0.4583333333333333 0.2984375 0.4638888888888889 0.3 0.4694444444444445 0.284375 0.4638888888888889 0.278125 0.4611111111111111 0.278125 0.4583333333333333 0.28125 0.4583333333333333 0.284375 0.4555555555555556 0.2859375 0.4555555555555556 0.29531250000000003 0.4583333333333333 0.2984375
0 0.5055555555555555 0.27968750000000003 0.5083333333333333 0.2765625 0.5083333333333333 0.2703125 0.5055555555555555 0.26718749999999997 0.5 0.265625 0.49722222222222223 0.26718749999999997 0.49722222222222223 0.278125 0.5 0.28125 0.5055555555555555 0.27968750000000003
0 0.4888888888888889 0.26875 0.4944444444444444 0.26406250000000003 0.4944444444444444 0.253125 0.4888888888888889 0.25 0.4861111111111111 0.25156249999999997 0.48333333333333334 0.25937499999999997 0.4861111111111111 0.2609375 0.4861111111111111 0.26718749999999997 0.4888888888888889 0.26875
0 0.4638888888888889 0.26406250000000003 0.4694444444444445 0.2578125 0.4666666666666667 0.25625000000000003 0.4638888888888889 0.25 0.4583333333333333 0.25156249999999997 0.4555555555555556 0.2546875 0.4555555555555556 0.2609375 0.4611111111111111 0.26406250000000003 0.4638888888888889 0.26406250000000003
0 0.475 0.2734375 0.475 0.26875 0.4722222222222222 0.26718749999999997 0.4722222222222222 0.26406250000000003 0.4694444444444445 0.26406250000000003 0.4638888888888889 0.26718749999999997 0.4638888888888889 0.2765625 0.4694444444444445 0.27968750000000003 0.475 0.2734375
0 0.48055555555555557 0.2703125 0.48055555555555557 0.26718749999999997 0.48333333333333334 0.265625 0.48333333333333334 0.2578125 0.48055555555555557 0.2546875 0.475 0.2546875 0.4722222222222222 0.25625000000000003 0.4722222222222222 0.27187500000000003 0.475 0.2734375 0.48055555555555557 0.2703125
0 0.4777777777777778 0.2546875 0.4777777777777778 0.246875 0.4722222222222222 0.2453125 0.4666666666666667 0.2484375 0.4666666666666667 0.25625000000000003 0.4722222222222222 0.2609375 0.4777777777777778 0.2546875