0 0.7656765671296296 0.5867647060185185 0.7689768981481481 0.5808823518518519 0.762376238425926 0.5485294120370371 0.7574257430555555 0.5499999999999999 0.75 0.5750000000000001 0.7549504953703704 0.6279411759259259 0.7566006597222222 0.6323529421296296 0.7648514861111111 0.6308823518518518 0.7656765671296296 0.5867647060185185
0 0.8217821782407407 0.5499999999999999 0.8201320138888889 0.5558823518518519 0.8193069305555555 0.5852941180555555 0.8399339930555556 0.5852941180555555 0.8275577546296297 0.5485294120370371 0.8217821782407407 0.5499999999999999
0 0.863861386574074 0.5617647060185186 0.8539603958333333 0.547058824074074 0.8498349837962963 0.5499999999999999 0.8457095717592593 0.5705882361111111 0.8440594050925926 0.5823529421296296 0.8465346527777777 0.5867647060185185 0.8655115509259259 0.5867647060185185 0.863861386574074 0.5617647060185186
0 0.8646864675925926 0.6191176481481482 0.8646864675925926 0.598529412037037 0.8622112222222222 0.5941176481481482 0.8490099004629629 0.5970588240740741 0.8481848194444445 0.6176470578703704 0.8556105601851852 0.6367647060185185 0.859735974537037 0.6352941180555556 0.8646864675925926 0.6191176481481482
0 0.8778877893518519 0.551470587962963 0.8729372939814815 0.551470587962963 0.8737623773148149 0.5852941180555555 0.890264025462963 0.5867647060185185 0.8894389444444444 0.5676470578703704 0.8778877893518519 0.551470587962963
0 0.9150165023148148 0.5588235300925926 0.9100660069444444 0.5602941180555555 0.9042904282407407 0.577941175925926 0.9034653472222223 0.5882352939814814 0.9059405949074074 0.5897058819444444 0.9240924097222222 0.5867647060185185 0.9150165023148148 0.5588235300925926
0 0.9438943888888889 0.6308823518518518 0.9488448842592592 0.6073529421296295 0.942244224537037 0.598529412037037 0.9282178217592593 0.6014705879629629 0.9331683171296297 0.6544117638888888 0.9381188125000001 0.6647058819444445 0.9455445555555556 0.6661764699074074 0.9438943888888889 0.6308823518518518
0 0.9315181527777777 0.5602941180555555 0.9257425740740741 0.5750000000000001 0.9257425740740741 0.5882352939814814 0.9471947199074073 0.5882352939814814 0.9364686458333333 0.5602941180555555 0.9315181527777777 0.5602941180555555
0 0.8085808587962964 0.5558823518518519 0.8044554444444444 0.5558823518518519 0.7995049513888889 0.5676470578703704 0.8003300324074074 0.5852941180555555 0.8135313541666667 0.5838235300925926 0.8143564351851852 0.5676470578703704 0.8085808587962964 0.5558823518518519
0 0.7491749166666667 0.6117647060185185 0.7491749166666667 0.598529412037037 0.7433993402777778 0.5911764699074075 0.7442244212962963 0.573529412037037 0.7367986805555555 0.551470587962963 0.7293729375 0.5573529421296296 0.7301980208333333 0.6014705879629629 0.737623761574074 0.620588236111111 0.7442244212962963 0.620588236111111 0.7491749166666667 0.6117647060185185
0 0.7301980208333333 0.5441176481481481 0.7153465347222222 0.577941175925926 0.7145214513888889 0.5838235300925926 0.7219471944444444 0.5897058819444444 0.7301980208333333 0.5823529421296296 0.7301980208333333 0.5441176481481481
0 0.716996699074074 0.5941176481481482 0.7194719467592593 0.6117647060185185 0.7235973587962964 0.6161764699074075 0.7277227731481481 0.598529412037037 0.716996699074074 0.5941176481481482
0 0.7136963703703704 0.6161764699074075 0.7112211226851852 0.5882352939814814 0.7178217824074075 0.5705882361111111 0.7079207916666667 0.5499999999999999 0.7021452152777777 0.5617647060185186 0.7004950486111111 0.5750000000000001 0.7054455439814815 0.6117647060185185 0.7112211226851852 0.6220588240740741 0.7136963703703704 0.6161764699074075
0 0.6724422453703703 0.572058824074074 0.6724422453703703 0.5838235300925926 0.6806930694444445 0.5823529421296296 0.6790429050925927 0.5691176481481481 0.6724422453703703 0.572058824074074
0 0.6617161712962962 0.572058824074074 0.6575907592592592 0.5691176481481481 0.6542904282407407 0.5750000000000001 0.6551155115740741 0.5823529421296296 0.6625412546296297 0.5852941180555555 0.6617161712962962 0.572058824074074