0 0.6527777777777778 0.796875 0.65 0.8171875 0.6611111111111112 0.81875 0.7027777777777778 0.7265625 0.7 0.7078125 0.675 0.7 0.6722222222222222 0.6875 0.6611111111111112 0.6828125 0.6472222222222223 0.684375 0.65 0.7046875 0.6222222222222222 0.734375 0.6194444444444445 0.75 0.6305555555555555 0.759375 0.625 0.7859375 0.6527777777777778 0.796875
0 0.5722222222222222 0.8109375 0.5750000000000001 0.8 0.5944444444444444 0.7953125 0.6 0.7546875 0.6222222222222222 0.73125 0.6194444444444445 0.7125 0.5972222222222222 0.6953125 0.5944444444444444 0.68125 0.5722222222222222 0.6828125 0.5722222222222222 0.6984375 0.5472222222222223 0.7125 0.5444444444444444 0.73125 0.5583333333333333 0.734375 0.5583333333333333 0.8 0.5722222222222222 0.8109375
0 0.7333333333333334 0.61875 0.7194444444444444 0.584375 0.7305555555555556 0.571875 0.7527777777777778 0.571875 0.7555555555555555 0.5671875000000001 0.725 0.53125 0.6972222222222222 0.5453125 0.6777777777777778 0.5812499999999999 0.6777777777777778 0.5953125 0.6944444444444444 0.6015625 0.6944444444444444 0.6234375 0.7333333333333334 0.61875
0 0.7777777777777778 0.5609375 0.7333333333333334 0.5390625 0.7305555555555556 0.546875 0.7555555555555555 0.56875 0.775 0.5671875000000001 0.7777777777777778 0.5609375
0 0.7305555555555556 0.5953125 0.7388888888888888 0.5750000000000001 0.725 0.578125 0.7305555555555556 0.5953125
0 0.6 0.5484375 0.6222222222222222 0.5265624999999999 0.5916666666666667 0.5015625 0.5666666666666667 0.5187499999999999 0.5722222222222222 0.5703125 0.5805555555555556 0.578125 0.5944444444444444 0.571875 0.6 0.5484375
0 0.6361111111111112 0.5890624999999999 0.6444444444444444 0.5906250000000001 0.6805555555555556 0.5499999999999999 0.6805555555555556 0.521875 0.6694444444444444 0.5015625 0.6611111111111112 0.5 0.6333333333333334 0.521875 0.6361111111111112 0.5671875000000001 0.6472222222222223 0.5750000000000001 0.6388888888888888 0.5765625 0.6361111111111112 0.5890624999999999
0 0.5583333333333333 0.5390625 0.5499999999999999 0.525 0.5361111111111111 0.521875 0.5111111111111112 0.5421874999999999 0.5222222222222223 0.609375 0.5388888888888889 0.6015625 0.5527777777777778 0.5625 0.5583333333333333 0.5390625
0 0.49722222222222223 0.4953125 0.4861111111111111 0.4953125 0.475 0.50625 0.4777777777777778 0.5703125 0.4888888888888889 0.5734374999999999 0.5138888888888888 0.521875 0.49722222222222223 0.4953125
0 0.39166666666666666 0.5578124999999999 0.3972222222222222 0.546875 0.4194444444444444 0.553125 0.4111111111111111 0.5453125 0.4222222222222222 0.540625 0.4277777777777778 0.5187499999999999 0.4416666666666667 0.5140625 0.4166666666666667 0.4828125 0.4083333333333333 0.4828125 0.3888888888888889 0.509375 0.3888888888888889 0.5390625 0.4 0.5390625 0.3861111111111111 0.5499999999999999 0.39166666666666666 0.5578124999999999
0 0.65 0.43125 0.6416666666666666 0.4296875 0.6194444444444445 0.446875 0.6277777777777778 0.4890625 0.6388888888888888 0.490625 0.6611111111111112 0.459375 0.65 0.43125
0 0.5750000000000001 0.4140625 0.5611111111111111 0.39375 0.5499999999999999 0.39375 0.5361111111111111 0.40625 0.5444444444444444 0.453125 0.5583333333333333 0.45 0.5750000000000001 0.4140625
0 0.6222222222222222 0.3640625 0.6055555555555556 0.3765625 0.6166666666666666 0.41875 0.6333333333333334 0.3921875 0.6333333333333334 0.3734375 0.6222222222222222 0.3640625
0 0.4888888888888889 0.36875 0.4777777777777778 0.35625 0.4666666666666667 0.3578125 0.4611111111111111 0.3796875 0.4722222222222222 0.4046875 0.4861111111111111 0.4 0.4888888888888889 0.36875
0 0.4888888888888889 0.3609375 0.4916666666666667 0.3625 0.4916666666666667 0.3671875 0.4944444444444444 0.36875 0.4944444444444444 0.378125 0.49722222222222223 0.3796875 0.5027777777777778 0.3796875 0.5055555555555555 0.3734375 0.5083333333333333 0.371875 0.5083333333333333 0.3609375 0.5138888888888888 0.3546875 0.5138888888888888 0.3453125 0.5111111111111112 0.34375 0.5111111111111112 0.340625 0.5055555555555555 0.3375 0.5 0.33125 0.4944444444444444 0.3375 0.4888888888888889 0.340625 0.4861111111111111 0.34375 0.4861111111111111 0.3546875 0.4888888888888889 0.35625 0.4888888888888889 0.3609375
0 0.4611111111111111 0.36875 0.4611111111111111 0.3734375 0.4666666666666667 0.3734375 0.4666666666666667 0.3703125 0.4694444444444445 0.36875 0.4694444444444445 0.3625 0.48055555555555557 0.353125 0.48055555555555557 0.34375 0.475 0.3375 0.4694444444444445 0.334375 0.4638888888888889 0.3359375 0.4638888888888889 0.3375 0.4583333333333333 0.340625 0.4583333333333333 0.3671875 0.4611111111111111 0.36875
0 0.5277777777777778 0.3515625 0.525 0.3625 0.5305555555555556 0.3671875 0.5361111111111111 0.36875 0.5444444444444444 0.36875 0.5444444444444444 0.3671875 0.5527777777777778 0.3609375 0.5527777777777778 0.3421875 0.5472222222222223 0.3359375 0.5388888888888889 0.33125 0.5277777777777778 0.3390625 0.5277777777777778 0.34375 0.525 0.3453125 0.525 0.35 0.5277777777777778 0.3515625
0 0.5472222222222223 0.3359375 0.5527777777777778 0.340625 0.5527777777777778 0.3453125 0.5555555555555556 0.346875 0.5555555555555556 0.3578125 0.5583333333333333 0.359375 0.5638888888888889 0.359375 0.5638888888888889 0.35625 0.5666666666666667 0.3546875 0.5666666666666667 0.3453125 0.5694444444444444 0.34375 0.5694444444444444 0.3375 0.5722222222222222 0.3359375 0.5722222222222222 0.328125 0.5638888888888889 0.3234375 0.5638888888888889 0.321875 0.5555555555555556 0.321875 0.5555555555555556 0.3234375 0.5444444444444444 0.33125 0.5472222222222223 0.3328125 0.5472222222222223 0.3359375
0 0.5666666666666667 0.3203125 0.5666666666666667 0.3234375 0.5722222222222222 0.3265625 0.5750000000000001 0.3140625 0.5805555555555556 0.3078125 0.5805555555555556 0.3 0.5750000000000001 0.29375 0.5694444444444444 0.29375 0.5694444444444444 0.29531250000000003 0.5638888888888889 0.2984375 0.5638888888888889 0.31875 0.5666666666666667 0.3203125
0 0.5527777777777778 0.3125 0.5555555555555556 0.3125 0.5583333333333333 0.309375 0.5583333333333333 0.3046875 0.5611111111111111 0.303125 0.5611111111111111 0.296875 0.5638888888888889 0.29531250000000003 0.5638888888888889 0.2859375 0.5611111111111111 0.284375 0.5611111111111111 0.28125 0.5583333333333333 0.28125 0.5499999999999999 0.2859375 0.5472222222222223 0.2890625 0.5472222222222223 0.296875 0.5499999999999999 0.2984375 0.5527777777777778 0.3125
0 0.5111111111111112 0.3046875 0.5166666666666666 0.309375 0.5222222222222223 0.303125 0.5222222222222223 0.284375 0.5194444444444445 0.28281249999999997 0.5194444444444445 0.27968750000000003 0.5138888888888888 0.27968750000000003 0.5111111111111112 0.28125 0.5083333333333333 0.28750000000000003 0.5083333333333333 0.296875 0.5111111111111112 0.2984375 0.5111111111111112 0.3046875
0 0.49722222222222223 0.3078125 0.5027777777777778 0.3078125 0.5027777777777778 0.303125 0.5055555555555555 0.3015625 0.5055555555555555 0.28125 0.5027777777777778 0.27968750000000003 0.49722222222222223 0.27968750000000003 0.49722222222222223 0.2859375 0.4944444444444444 0.28750000000000003 0.4944444444444444 0.3046875 0.49722222222222223 0.3078125
0 0.4888888888888889 0.28281249999999997 0.4888888888888889 0.2765625 0.48333333333333334 0.2703125 0.4777777777777778 0.27187500000000003 0.475 0.27499999999999997 0.4861111111111111 0.28750000000000003 0.4861111111111111 0.284375 0.4888888888888889 0.28281249999999997
0 0.4694444444444445 0.30625 0.475 0.30625 0.4777777777777778 0.3046875 0.4777777777777778 0.2984375 0.48333333333333334 0.29375 0.48333333333333334 0.2859375 0.48055555555555557 0.284375 0.4777777777777778 0.278125 0.4722222222222222 0.278125 0.4694444444444445 0.28125 0.4694444444444445 0.284375 0.4666666666666667 0.2859375 0.4666666666666667 0.303125 0.4694444444444445 0.30625
0 0.5166666666666666 0.27499999999999997 0.5194444444444445 0.27499999999999997 0.525 0.26875 0.5277777777777778 0.2578125 0.5222222222222223 0.2546875 0.5166666666666666 0.25625000000000003 0.5138888888888888 0.25937499999999997 0.5138888888888888 0.2703125 0.5166666666666666 0.27187500000000003 0.5166666666666666 0.27499999999999997
0 0.5166666666666666 0.2703125 0.5194444444444445 0.26718749999999997 0.5194444444444445 0.2625 0.5166666666666666 0.2609375 0.5166666666666666 0.253125 0.5138888888888888 0.253125 0.5083333333333333 0.25625000000000003 0.5083333333333333 0.25937499999999997 0.5055555555555555 0.2609375 0.5111111111111112 0.26718749999999997 0.5166666666666666 0.2703125
0 0.4666666666666667 0.265625 0.4694444444444445 0.2625 0.4694444444444445 0.2453125 0.4666666666666667 0.2453125 0.4611111111111111 0.25 0.4583333333333333 0.25937499999999997 0.4611111111111111 0.2609375 0.4611111111111111 0.26406250000000003 0.4666666666666667 0.265625
0 0.4555555555555556 0.2546875 0.4555555555555556 0.2453125 0.45 0.24375 0.4472222222222222 0.2453125 0.4472222222222222 0.25625000000000003 0.4527777777777778 0.2578125 0.4555555555555556 0.2546875
0 0.48055555555555557 0.2484375 0.48333333333333334 0.2453125 0.48333333333333334 0.234375 0.48055555555555557 0.23125 0.4777777777777778 0.23125 0.475 0.234375 0.475 0.2453125 0.4777777777777778 0.2484375 0.48055555555555557 0.2484375
0 0.4944444444444444 0.25937499999999997 0.49722222222222223 0.2578125 0.49722222222222223 0.246875 0.4944444444444444 0.24375 0.4888888888888889 0.2421875 0.4861111111111111 0.25156249999999997 0.4888888888888889 0.253125 0.4888888888888889 0.2578125 0.4944444444444444 0.25937499999999997
0 0.49722222222222223 0.234375 0.5027777777777778 0.2265625 0.49722222222222223 0.2203125 0.4944444444444444 0.2234375 0.5 0.228125 0.4944444444444444 0.23125 0.49722222222222223 0.234375
0 0.4583333333333333 0.25 0.4638888888888889 0.246875 0.4638888888888889 0.2453125 0.4694444444444445 0.24375 0.4694444444444445 0.2359375 0.4666666666666667 0.234375 0.4666666666666667 0.2296875 0.4611111111111111 0.2296875 0.4583333333333333 0.23125 0.4583333333333333 0.234375 0.4527777777777778 0.240625 0.4555555555555556 0.2421875 0.4583333333333333 0.25
0 0.475 0.2375 0.475 0.2328125 0.4777777777777778 0.23125 0.4777777777777778 0.2265625 0.475 0.225 0.4694444444444445 0.225 0.4666666666666667 0.228125 0.4666666666666667 0.2328125 0.4611111111111111 0.2375 0.4722222222222222 0.240625 0.475 0.2375