0 0.6222222222222222 0.9765625 0.6416666666666666 0.9640625 0.6611111111111112 0.921875 0.688888888888889 0.9078125 0.686111111111111 0.865625 0.6555555555555556 0.8296875 0.6277777777777778 0.8375 0.5805555555555556 0.8890625 0.5777777777777777 0.909375 0.6 0.9203125 0.6027777777777777 0.9703125 0.6222222222222222 0.9765625
0 0.7777777777777778 0.9078125 0.8083333333333333 0.896875 0.8166666666666667 0.8671875 0.7972222222222222 0.8421875 0.775 0.8375 0.7638888888888888 0.8171875 0.7444444444444445 0.8109375 0.7222222222222222 0.8171875 0.7222222222222222 0.84375 0.6972222222222222 0.865625 0.7111111111111111 0.946875 0.7638888888888888 0.98125 0.7722222222222223 0.9765625 0.7777777777777778 0.9078125
0 0.7333333333333334 0.6125 0.7805555555555556 0.584375 0.7444444444444445 0.5593750000000001 0.7194444444444444 0.571875 0.7027777777777778 0.5953125 0.7027777777777778 0.64375 0.7194444444444444 0.6453125 0.7388888888888888 0.6203125 0.7333333333333334 0.6125
0 0.5750000000000001 0.446875 0.5555555555555556 0.4171875 0.5416666666666666 0.428125 0.5333333333333333 0.446875 0.5416666666666666 0.46875 0.5555555555555556 0.4765625 0.5750000000000001 0.446875
0 0.4694444444444445 0.40625 0.4694444444444445 0.4609375 0.4861111111111111 0.428125 0.48055555555555557 0.40625 0.4694444444444445 0.40625
0 0.5222222222222223 0.4125 0.5277777777777778 0.4453125 0.5555555555555556 0.4140625 0.5416666666666666 0.3953125 0.5222222222222223 0.4125
0 0.5861111111111111 0.3921875 0.5916666666666667 0.43125 0.6083333333333334 0.4046875 0.5972222222222222 0.3796875 0.5861111111111111 0.3921875
0 0.49722222222222223 0.390625 0.48333333333333334 0.3953125 0.4861111111111111 0.4375 0.49722222222222223 0.4421875 0.5055555555555555 0.403125 0.49722222222222223 0.390625
0 0.5055555555555555 0.3640625 0.4916666666666667 0.371875 0.4861111111111111 0.384375 0.5055555555555555 0.4 0.5138888888888888 0.371875 0.5055555555555555 0.3640625
0 0.5805555555555556 0.3578125 0.5722222222222222 0.3671875 0.5805555555555556 0.4 0.5972222222222222 0.3796875 0.5805555555555556 0.3578125
0 0.5666666666666667 0.31875 0.5611111111111111 0.3125 0.5555555555555556 0.315625 0.5499999999999999 0.340625 0.5555555555555556 0.35625 0.5666666666666667 0.3578125 0.5666666666666667 0.31875
0 0.525 0.3421875 0.5305555555555556 0.3140625 0.5194444444444445 0.3140625 0.525 0.3421875
0 0.5027777777777778 0.315625 0.4944444444444444 0.3203125 0.49722222222222223 0.340625 0.5111111111111112 0.3265625 0.5027777777777778 0.315625
0 0.5777777777777777 0.33125 0.5861111111111111 0.325 0.5777777777777777 0.3078125 0.5777777777777777 0.33125
0 0.5499999999999999 0.29531250000000003 0.5527777777777778 0.31875 0.5666666666666667 0.2984375 0.5555555555555556 0.29062499999999997 0.5499999999999999 0.29531250000000003