0 0.7194444444444444 0.6296875 0.7361111111111112 0.61875 0.7333333333333334 0.6125 0.7833333333333333 0.5812499999999999 0.75 0.5515625000000001 0.7194444444444444 0.5593750000000001 0.6944444444444444 0.5812499999999999 0.686111111111111 0.6109375 0.7138888888888888 0.6421875 0.725 0.6390625 0.7194444444444444 0.6296875
0 0.6111111111111112 0.4140625 0.5916666666666667 0.4234375 0.5916666666666667 0.4625 0.6027777777777777 0.465625 0.6166666666666666 0.4421875 0.6111111111111112 0.4140625
0 0.5833333333333334 0.4 0.5750000000000001 0.384375 0.5583333333333333 0.3921875 0.5472222222222223 0.4046875 0.5555555555555556 0.4328125 0.5722222222222222 0.4296875 0.5833333333333334 0.4
0 0.5111111111111112 0.3859375 0.5194444444444445 0.4234375 0.5416666666666666 0.396875 0.5305555555555556 0.371875 0.5111111111111112 0.3859375
0 0.4944444444444444 0.3796875 0.48055555555555557 0.38125 0.4777777777777778 0.425 0.4888888888888889 0.4296875 0.5 0.3890625 0.4944444444444444 0.3796875
0 0.6083333333333334 0.3765625 0.5916666666666667 0.3875 0.5972222222222222 0.415625 0.6111111111111112 0.415625 0.6194444444444445 0.3953125 0.6083333333333334 0.3765625
0 0.5194444444444445 0.34375 0.5055555555555555 0.3359375 0.49722222222222223 0.35625 0.5 0.371875 0.5111111111111112 0.375 0.5194444444444445 0.34375
0 0.5694444444444444 0.33125 0.5694444444444444 0.371875 0.5833333333333334 0.3515625 0.5805555555555556 0.334375 0.5694444444444444 0.33125
0 0.5833333333333334 0.315625 0.5777777777777777 0.33125 0.5888888888888889 0.35 0.5944444444444444 0.31875 0.5833333333333334 0.315625
0 0.5666666666666667 0.29531250000000003 0.5611111111111111 0.2984375 0.5583333333333333 0.3125 0.5666666666666667 0.3140625 0.5722222222222222 0.30625 0.5666666666666667 0.29531250000000003
0 0.5305555555555556 0.2921875 0.5222222222222223 0.296875 0.5166666666666666 0.3125 0.5277777777777778 0.325 0.5361111111111111 0.2984375 0.5305555555555556 0.2921875