0 0.6472222222222223 0.7984375 0.6416666666666666 0.8171875 0.6527777777777778 0.81875 0.6638888888888889 0.775 0.6833333333333333 0.7546875 0.6805555555555556 0.7203125 0.6583333333333333 0.69375 0.6416666666666666 0.6984375 0.6416666666666666 0.709375 0.625 0.71875 0.6166666666666666 0.7421875 0.6277777777777778 0.75625 0.6305555555555555 0.7859375 0.6472222222222223 0.7984375
0 0.3805555555555556 0.7390625 0.4027777777777778 0.728125 0.4138888888888889 0.690625 0.4277777777777778 0.6890625 0.4305555555555556 0.659375 0.4055555555555555 0.63125 0.3861111111111111 0.6359375 0.3611111111111111 0.6640625 0.35555555555555557 0.6828125 0.375 0.6984375 0.37222222222222223 0.7375 0.3805555555555556 0.7390625
0 0.5916666666666667 0.628125 0.5777777777777777 0.6359375 0.5861111111111111 0.6375 0.6166666666666666 0.603125 0.6194444444444445 0.5734374999999999 0.6027777777777777 0.5499999999999999 0.5888888888888889 0.5499999999999999 0.5694444444444444 0.56875 0.5638888888888889 0.578125 0.5861111111111111 0.6046875 0.5777777777777777 0.6234375 0.5916666666666667 0.628125
0 0.688888888888889 0.640625 0.7027777777777778 0.6359375 0.7055555555555556 0.640625 0.7277777777777777 0.6390625 0.7333333333333334 0.6359375 0.7194444444444444 0.6265625 0.725 0.5953125 0.7694444444444444 0.5812499999999999 0.7444444444444445 0.5750000000000001 0.7416666666666666 0.5609375 0.7138888888888888 0.5656249999999999 0.6944444444444444 0.584375 0.688888888888889 0.6171875 0.7027777777777778 0.6203125 0.688888888888889 0.625 0.688888888888889 0.640625
0 0.7361111111111112 0.553125 0.7 0.5593750000000001 0.675 0.584375 0.6666666666666666 0.6078125 0.6833333333333333 0.615625 0.6944444444444444 0.578125 0.7361111111111112 0.553125
0 0.5111111111111112 0.5578124999999999 0.4916666666666667 0.5546875 0.5277777777777778 0.53125 0.525 0.5109374999999999 0.5083333333333333 0.490625 0.4777777777777778 0.50625 0.4861111111111111 0.5578124999999999 0.5083333333333333 0.5734374999999999 0.5 0.5625 0.5111111111111112 0.5578124999999999
0 0.4222222222222222 0.48125 0.4055555555555555 0.49375 0.4111111111111111 0.5578124999999999 0.4305555555555556 0.5609375 0.4472222222222222 0.4984375 0.4222222222222222 0.48125
0 0.48333333333333334 0.484375 0.5083333333333333 0.4875 0.5166666666666666 0.440625 0.5027777777777778 0.4234375 0.48055555555555557 0.4421875 0.48333333333333334 0.4640625 0.4944444444444444 0.46875 0.48333333333333334 0.47421875 0.48333333333333334 0.484375
0 0.5888888888888889 0.38125 0.5750000000000001 0.3953125 0.5777777777777777 0.43125 0.5888888888888889 0.4375 0.6027777777777777 0.4046875 0.5888888888888889 0.38125
0 0.5499999999999999 0.3796875 0.5361111111111111 0.3890625 0.5388888888888889 0.4328125 0.5499999999999999 0.4328125 0.5611111111111111 0.3921875 0.5499999999999999 0.3796875
0 0.5722222222222222 0.3640625 0.5638888888888889 0.371875 0.5611111111111111 0.3859375 0.5722222222222222 0.4015625 0.5861111111111111 0.3703125 0.5722222222222222 0.3640625
0 0.5305555555555556 0.359375 0.5277777777777778 0.4 0.5472222222222223 0.375 0.5444444444444444 0.3609375 0.5305555555555556 0.359375
0 0.49722222222222223 0.3546875 0.48055555555555557 0.365625 0.48333333333333334 0.396875 0.4944444444444444 0.4 0.5055555555555555 0.3765625 0.49722222222222223 0.3546875
0 0.5888888888888889 0.3453125 0.5750000000000001 0.35 0.5722222222222222 0.3625 0.5861111111111111 0.3703125 0.5944444444444444 0.3640625 0.5888888888888889 0.3453125
0 0.5555555555555556 0.3234375 0.5444444444444444 0.33125 0.5416666666666666 0.3578125 0.5527777777777778 0.3640625 0.5638888888888889 0.334375 0.5555555555555556 0.3234375
0 0.5777777777777777 0.309375 0.5777777777777777 0.34375 0.5888888888888889 0.3265625 0.5861111111111111 0.309375 0.5777777777777777 0.309375
0 0.5111111111111112 0.33125 0.5055555555555555 0.3515625 0.5166666666666666 0.365625 0.525 0.3375 0.5111111111111112 0.33125
0 0.49722222222222223 0.3515625 0.5055555555555555 0.3234375 0.4916666666666667 0.3296875 0.49722222222222223 0.3515625
0 0.48055555555555557 0.3296875 0.4722222222222222 0.334375 0.4694444444444445 0.3625 0.4777777777777778 0.3671875 0.4861111111111111 0.3359375 0.48055555555555557 0.3296875
0 0.4694444444444445 0.3609375 0.4722222222222222 0.325 0.4611111111111111 0.33125 0.4694444444444445 0.3609375
0 0.525 0.29531250000000003 0.5333333333333333 0.3203125 0.5388888888888889 0.2984375 0.5305555555555556 0.2921875 0.525 0.29531250000000003
0 0.49722222222222223 0.3 0.4944444444444444 0.315625 0.5055555555555555 0.3203125 0.5111111111111112 0.3 0.49722222222222223 0.3
0 0.48333333333333334 0.29062499999999997 0.475 0.29375 0.4722222222222222 0.3109375 0.48055555555555557 0.3171875 0.4861111111111111 0.29531250000000003 0.48333333333333334 0.29062499999999997
0 0.4555555555555556 0.296875 0.4638888888888889 0.284375 0.4583333333333333 0.2734375 0.4555555555555556 0.296875
0 0.5027777777777778 0.26875 0.5 0.27968750000000003 0.5111111111111112 0.2859375 0.5138888888888888 0.2734375 0.5027777777777778 0.26875
0 0.5222222222222223 0.2984375 0.5305555555555556 0.284375 0.5194444444444445 0.27968750000000003 0.5222222222222223 0.2984375
0 0.4861111111111111 0.27499999999999997 0.48055555555555557 0.26875 0.475 0.2703125 0.4722222222222222 0.2859375 0.4777777777777778 0.2890625 0.48333333333333334 0.2890625 0.4861111111111111 0.27499999999999997
0 0.5138888888888888 0.3 0.5166666666666666 0.2984375 0.5166666666666666 0.2921875 0.5138888888888888 0.2890625 0.5083333333333333 0.28750000000000003 0.5055555555555555 0.29062499999999997 0.5055555555555555 0.3 0.5111111111111112 0.30625 0.5138888888888888 0.3
0 0.4861111111111111 0.26875 0.4916666666666667 0.2703125 0.4916666666666667 0.26718749999999997 0.4944444444444444 0.265625 0.4944444444444444 0.25625000000000003 0.4916666666666667 0.2546875 0.4861111111111111 0.2546875 0.48333333333333334 0.2578125 0.48333333333333334 0.2625 0.4861111111111111 0.26406250000000003 0.4861111111111111 0.26875
0 0.4611111111111111 0.2609375 0.4666666666666667 0.25625000000000003 0.4666666666666667 0.246875 0.4611111111111111 0.246875 0.4555555555555556 0.25 0.4555555555555556 0.25937499999999997 0.4583333333333333 0.2609375 0.4611111111111111 0.2609375
0 0.4861111111111111 0.25625000000000003 0.4916666666666667 0.253125 0.4916666666666667 0.2484375 0.4888888888888889 0.246875 0.4888888888888889 0.24375 0.48333333333333334 0.2453125 0.48055555555555557 0.246875 0.48055555555555557 0.253125 0.48333333333333334 0.25625000000000003 0.4861111111111111 0.25625000000000003
0 0.48055555555555557 0.26718749999999997 0.48333333333333334 0.265625 0.48333333333333334 0.25156249999999997 0.4777777777777778 0.25156249999999997 0.4722222222222222 0.2546875 0.4722222222222222 0.2625 0.475 0.265625 0.48055555555555557 0.26718749999999997