0 0.032687650462962965 0.46982758564814814 0.033898305555555557 0.5064655162037037 0.04237288194444444 0.5150862060185185 0.037530266203703706 0.4784482754629629 0.032687650462962965 0.46982758564814814
0 0.27481840277777775 0.38793103472222223 0.26876513425925924 0.375 0.2651331712962963 0.3965517245370371 0.26876513425925924 0.41810344907407404 0.27239709490740743 0.41810344907407404 0.27481840277777775 0.38793103472222223
0 0.6731234861111112 0.26293103472222223 0.6682808726851852 0.26939655092592596 0.6670702175925926 0.28448275925925925 0.6719128333333333 0.290948275462963 0.6755447939814815 0.271551724537037 0.6731234861111112 0.26293103472222223
0 0.6549636805555555 0.2650862060185185 0.6525423726851852 0.290948275462963 0.6598062962962963 0.28017241435185186 0.6598062962962963 0.2650862060185185 0.6549636805555555 0.2650862060185185
0 0.648910412037037 0.271551724537037 0.6428571435185185 0.2737068958333333 0.6404358356481481 0.2952586203703704 0.6452784513888888 0.29741379398148143 0.648910412037037 0.29310344907407404 0.648910412037037 0.271551724537037
0 0.7530266342592592 0.33189655092592596 0.7518159814814815 0.34267241435185186 0.7566585949074074 0.34482758564814814 0.7590799027777778 0.3297413796296296 0.7530266342592592 0.33189655092592596
0 0.7639225185185184 0.3297413796296296 0.762711863425926 0.3405172407407407 0.766343826388889 0.34482758564814814 0.7699757870370371 0.3340517245370371 0.7639225185185184 0.3297413796296296
0 0.7433414050925926 0.25 0.7409200972222222 0.271551724537037 0.7481840185185185 0.271551724537037 0.7506053263888889 0.25 0.7433414050925926 0.25
0 0.7784503634259259 0.24568965509259258 0.7772397083333333 0.2607758611111111 0.7832929791666666 0.26293103472222223 0.7845036319444445 0.24784482870370372 0.7784503634259259 0.24568965509259258
0 0.8256658587962963 0.31465517129629633 0.8256658587962963 0.30387931018518516 0.8220338981481482 0.30387931018518516 0.8208232453703703 0.3060344837962963 0.8208232453703703 0.3168103449074074 0.8244552060185185 0.3168103449074074 0.8256658587962963 0.31465517129629633
0 0.8125774814814816 0.3077995694444444 0.8102941898148148 0.3141228449074074 0.809279662037037 0.3186400856481481 0.8140992731481481 0.3222521550925926 0.814860775462963 0.31321982870370374 0.8125774814814816 0.3077995694444444
0 0.8014152546296296 0.31367025925925923 0.7971029050925926 0.3204461203703704 0.7969491527777778 0.3271206898148148 0.8014152546296296 0.32767456944444445 0.8021767546296297 0.3204461203703704 0.8014152546296296 0.31367025925925923
0 0.9354285717592593 0.3171551712962963 0.9332336550925926 0.31150862037037036 0.9334782083333333 0.30673060416666664 0.9322578703703704 0.30368965509259255 0.9310387407407407 0.3084676712962963 0.9295750601851852 0.31064008564814816 0.928599273148148 0.3119418101851852 0.9310387407407407 0.3149827592592593 0.9303062962962962 0.31454741435185185 0.9349406782407407 0.3184568958333333 0.9354285717592593 0.3171551712962963