0 0.4817880787037037 0.5087976550925926 0.47847682175925926 0.501466275462963 0.4801324513888889 0.49413489814814815 0.4726821180555556 0.4956011736111111 0.4726821180555556 0.526392962962963 0.47930463657407407 0.5293255138888889 0.47930463657407407 0.5131964814814816 0.4817880787037037 0.5087976550925926
0 0.3518211921296296 0.5630498541666666 0.3501655625 0.5513196481481482 0.34519867592592596 0.5513196481481482 0.34437086111111115 0.5909090902777778 0.3501655625 0.5938416412037036 0.35264900694444445 0.5894428148148149 0.3518211921296296 0.5630498541666666
0 0.3195364236111111 0.5454545462962963 0.31291390740740743 0.5601173009259259 0.31374172222222224 0.5865102638888889 0.3294701990740741 0.5865102638888889 0.3245033101851852 0.5483870972222222 0.3195364236111111 0.5454545462962963
0 0.27897350925925923 0.6158357777777779 0.28311258333333333 0.6158357777777779 0.2822847685185185 0.5938416412037036 0.2690397361111111 0.5879765393518519 0.26241721759259257 0.5747800578703703 0.259933775462963 0.577712611111111 0.25827814583333336 0.5909090902777778 0.26490066203703705 0.6143695023148148 0.27649006712962965 0.6085043981481482 0.27897350925925923 0.6158357777777779
0 0.23427152314814814 0.5938416412037036 0.2301324513888889 0.5938416412037036 0.2251655625 0.612903226851852 0.2251655625 0.6217008796296296 0.2375827824074074 0.6202346041666666 0.2384105949074074 0.6099706736111111 0.23427152314814814 0.5938416412037036
0 0.2516556296296296 0.6480938425925926 0.24668874074074074 0.6466275671296297 0.24420529861111112 0.6568914953703704 0.24586092824074074 0.6935483865740741 0.25496688657407407 0.6920821111111111 0.25496688657407407 0.6598240462962963 0.2516556296296296 0.6480938425925926
0 0.23509933796296298 0.6451612893518518 0.23096026388888888 0.6290322569444444 0.22019867592592593 0.6334310856481481 0.22102649074074077 0.6539589444444445 0.22930463657407407 0.664222875 0.23344370833333336 0.6612903217592593 0.23509933796296298 0.6451612893518518
0 0.2375827824074074 0.6231671550925926 0.2259933773148148 0.6246334305555555 0.2301324513888889 0.664222875 0.2359271527777778 0.6774193541666667 0.24006622453703702 0.6774193541666667 0.2375827824074074 0.6231671550925926
0 0.1738410601851852 0.7331378310185186 0.16804635648148147 0.7126099699074074 0.1639072847222222 0.7126099699074074 0.15976821296296298 0.7243401759259259 0.16059602546296295 0.7346041064814814 0.17135761574074074 0.7434017592592593 0.17301324537037036 0.7404692083333333 0.1738410601851852 0.7331378310185186
0 0.15894039814814814 0.7331378310185186 0.14817880787037035 0.7096774189814815 0.14238410648148148 0.7126099699074074 0.1374172175925926 0.7302052777777779 0.13493377546296295 0.7419354837962963 0.1365894050925926 0.7507331388888888 0.14735099305555555 0.7492668611111112 0.15894039814814814 0.7331378310185186
0 0.13576159027777776 0.721407625 0.12665562962962962 0.7023460416666667 0.11920529861111112 0.7155425231481481 0.11754966898148149 0.7272727268518518 0.12251655555555556 0.7390029328703703 0.13493377546296295 0.7375366574074074 0.13576159027777776 0.721407625
0 0.14817880787037035 0.9486803518518518 0.15397350925925923 0.9545454537037037 0.1622516550925926 0.8958944282407407 0.15231788194444446 0.8431085046296296 0.1432119212962963 0.8475073310185186 0.1432119212962963 0.8607038125 0.1390728472222222 0.8695014652777778 0.1382450324074074 0.9061583587962964 0.14072847685185186 0.9134897361111111 0.14569536342592593 0.914956011574074 0.14817880787037035 0.9486803518518518
0 0.8965231782407408 0.9985337245370371 0.9188741712962963 0.9985337245370371 0.9254966898148148 0.9765395902777777 0.9238410601851852 0.9457478009259259 0.929635761574074 0.941348974537037 0.9263245023148149 0.9046920810185185 0.9172185439814814 0.8841642222222221 0.9155629143518519 0.8680351898148148 0.9081125833333333 0.863636363425926 0.9048013240740741 0.8782991203703704 0.8956953634259259 0.8885630509259259 0.8915562916666666 0.9017595300925926 0.8890728472222222 0.9134897361111111 0.8948675486111112 0.9281524930555556 0.8981788078703703 0.9780058657407408 0.8965231782407408 0.9985337245370371
0 0.9271523171296296 0.8724340185185185 0.9271523171296296 0.856304986111111 0.9155629143518519 0.8548387106481482 0.9172185439814814 0.8841642222222221 0.9279801319444445 0.9134897361111111 0.9329470208333334 0.8958944282407407 0.9271523171296296 0.8724340185185185
0 0.8791390717592592 0.8709677430555556 0.8807947013888889 0.9457478009259259 0.8832781458333334 0.9706744861111111 0.8907284768518517 0.9809384166666667 0.8940397361111111 0.9750733148148149 0.8948675486111112 0.9340175949074074 0.8907284768518517 0.9061583587962964 0.8990066226851852 0.8739002939814815 0.8956953634259259 0.859237537037037 0.8973509930555555 0.8489736064814815 0.8907284768518517 0.8431085046296296 0.8874172175925926 0.8225806458333333 0.8824503310185186 0.8225806458333333 0.8791390717592592 0.8284457476851851 0.8791390717592592 0.8431085046296296 0.8824503310185186 0.8475073310185186 0.8791390717592592 0.8709677430555556
0 0.9536423842592592 0.8929618773148148 0.9552980138888889 0.8812316712962963 0.9461920532407407 0.8504398819444445 0.9420529791666666 0.8445747800925927 0.935430462962963 0.8504398819444445 0.9321192060185185 0.8782991203703704 0.9346026481481481 0.8914956018518518 0.9428807939814815 0.887096773148148 0.9536423842592592 0.8929618773148148
0 0.935430462962963 0.8460410555555555 0.9470198680555555 0.8372434027777778 0.9528145694444445 0.7624633425925926 0.9428807939814815 0.7360703819444445 0.9379139074074074 0.7375366574074074 0.9337748333333334 0.7536656898148147 0.9288079467592593 0.7815249259259259 0.9288079467592593 0.8225806458333333 0.9304635763888889 0.8387096782407407 0.935430462962963 0.8460410555555555
0 0.9288079467592593 0.7521994143518519 0.9288079467592593 0.7346041064814814 0.9230132453703703 0.7140762453703703 0.9056291388888889 0.7375366574074074 0.9072847685185186 0.7507331388888888 0.9180463564814815 0.7624633425925926 0.9254966898148148 0.7609970671296297 0.9288079467592593 0.7521994143518519
0 0.8973509930555555 0.8445747800925927 0.8940397361111111 0.8225806458333333 0.8940397361111111 0.7448680347222222 0.8849337754629629 0.7404692083333333 0.8766556296296296 0.7683284467592593 0.8766556296296296 0.8328445740740741 0.8832781458333334 0.8240469212962963 0.8915562916666666 0.8445747800925927 0.8973509930555555 0.8445747800925927
0 0.8725165555555555 0.8900293263888889 0.8708609282407408 0.8724340185185185 0.8733443703703704 0.8695014652777778 0.8774834444444445 0.8152492662037036 0.8741721851851851 0.7917888564814816 0.8667218541666666 0.778592375 0.8625827824074074 0.7815249259259259 0.8625827824074074 0.8841642222222221 0.8634105949074075 0.8914956018518518 0.8675496689814814 0.8944281527777778 0.8725165555555555 0.8900293263888889
0 0.8451986759259259 0.9017595300925926 0.8476821180555555 0.887096773148148 0.8534768217592592 0.8856304976851852 0.8584437083333334 0.8988269791666667 0.8617549675925926 0.8988269791666667 0.8609271527777778 0.8299120231481482 0.8634105949074075 0.8079178888888889 0.8576158935185185 0.7976539583333333 0.8567880787037038 0.7873900300925926 0.8509933773148148 0.7815249259259259 0.8394039745370371 0.8137829907407408 0.8427152314814814 0.8225806458333333 0.8385761597222222 0.8680351898148148 0.8394039745370371 0.8958944282407407 0.8451986759259259 0.9017595300925926
0 0.8360927152777777 0.8284457476851851 0.8302980138888889 0.8269794722222222 0.8269867546296297 0.8387096782407407 0.8245033101851852 0.8797653958333334 0.8286423842592592 0.8900293263888889 0.8352649004629629 0.8929618773148148 0.8360927152777777 0.8284457476851851
0 0.7466887407407408 0.7140762453703703 0.7574503310185186 0.6891495601851851 0.7649006620370371 0.6847507337962964 0.7657284768518517 0.6627565972222222 0.7599337754629629 0.6510263935185185 0.7615894050925925 0.6451612893518518 0.7582781458333334 0.643695013888889 0.7599337754629629 0.6539589444444445 0.7433774837962963 0.6847507337962964 0.7408940393518518 0.7067448680555556 0.7375827824074074 0.7126099699074074 0.7392384097222222 0.7155425231481481 0.7466887407407408 0.7140762453703703
0 0.8286423842592592 0.6847507337962964 0.8302980138888889 0.6524926689814814 0.825331125 0.6495601180555555 0.8187086087962963 0.6598240462962963 0.8162251666666666 0.665689150462963 0.8170529791666666 0.6818181828703703 0.8211920532407407 0.6920821111111111 0.8286423842592592 0.6847507337962964
0 0.7417218541666666 0.6832844583333333 0.7466887407407408 0.6378299120370371 0.7425496689814814 0.6275659814814815 0.7317880787037038 0.636363636574074 0.7334437083333334 0.6671554259259259 0.7235099328703704 0.6847507337962964 0.7359271527777778 0.6935483865740741 0.7417218541666666 0.6832844583333333
0 0.7483443703703704 0.6627565972222222 0.7533112592592592 0.6583577708333332 0.7533112592592592 0.6524926689814814 0.7566225162037037 0.6539589444444445 0.7524834444444445 0.6495601180555555 0.7599337754629629 0.6392961875 0.7615894050925925 0.6187683287037037 0.7549668865740741 0.5982404699074074 0.7417218541666666 0.6202346041666666 0.7458609282407408 0.6334310856481481 0.7450331134259259 0.6480938425925926 0.7408940393518518 0.6539589444444445 0.7483443703703704 0.6627565972222222
0 0.704470199074074 0.6202346041666666 0.7094370856481481 0.6290322569444444 0.7110927152777777 0.6260997060185185 0.7061258287037037 0.5703812314814815 0.6986754976851851 0.579178886574074 0.695364238425926 0.6041055717592593 0.695364238425926 0.6290322569444444 0.6995033101851852 0.6275659814814815 0.700331125 0.6202346041666666 0.704470199074074 0.6202346041666666
0 0.6465231782407408 0.5821114374999999 0.6432119212962962 0.5659824050925926 0.6390728472222222 0.5674486805555555 0.6374172175925926 0.5835777129629629 0.6382450324074074 0.6319648101851852 0.6423841064814815 0.6334310856481481 0.6448675486111112 0.6290322569444444 0.6465231782407408 0.5821114374999999
0 0.6655629143518519 0.5219941342592592 0.6614238402777778 0.5117302060185186 0.6581125833333333 0.5117302060185186 0.6539735092592592 0.5249266851851851 0.6548013240740741 0.555718474537037 0.6589403981481482 0.558651025462963 0.6655629143518519 0.5351906157407408 0.6655629143518519 0.5219941342592592
0 0.670529800925926 0.5337243402777778 0.6680463564814815 0.5190615833333333 0.6663907291666666 0.5234604097222222 0.6647350995370371 0.5513196481481482 0.6680463564814815 0.5601173009259259 0.670529800925926 0.555718474537037 0.670529800925926 0.5337243402777778
0 0.6109271527777778 0.5234604097222222 0.6092715231481483 0.5659824050925926 0.6158940393518518 0.5689149560185185 0.6158940393518518 0.5219941342592592 0.6109271527777778 0.5234604097222222
0 0.6125827824074074 0.5219941342592592 0.6084437083333334 0.5175953078703703 0.6043046365740741 0.5205278587962963 0.6026490069444445 0.5395894421296297 0.6059602638888889 0.5674486805555555 0.6092715231481483 0.5674486805555555 0.6125827824074074 0.5219941342592592
0 0.5877483449074075 0.5073313773148148 0.5869205300925926 0.5205278587962963 0.5918874166666667 0.5234604097222222 0.5935430462962963 0.5043988263888889 0.5877483449074075 0.5073313773148148
0 0.5993377476851852 0.5469208217592593 0.6026490069444445 0.5425219930555556 0.5985099328703704 0.5366568912037037 0.6051324513888888 0.5175953078703703 0.5993377476851852 0.4956011736111111 0.5960264907407408 0.4970674490740741 0.5951986759259259 0.5219941342592592 0.5993377476851852 0.5322580648148149 0.5960264907407408 0.5425219930555556 0.5993377476851852 0.5469208217592593
0 0.5869205300925926 0.5117302060185186 0.5918874166666667 0.5043988263888889 0.5918874166666667 0.4897360694444444 0.5877483449074075 0.47947214120370374 0.5819536435185185 0.4809384166666667 0.5827814560185185 0.5117302060185186 0.5844370856481481 0.5205278587962963 0.5885761597222222 0.5219941342592592 0.5869205300925926 0.5117302060185186
0 0.5745033101851852 0.46334310879629625 0.5736754976851851 0.49853372453703704 0.5802980138888889 0.48240469212962966 0.5778145694444444 0.46041055787037033 0.5745033101851852 0.46334310879629625
0 0.6299668865740741 0.501466275462963 0.6266556296296296 0.5073313773148148 0.6266556296296296 0.5527859236111111 0.6307947013888889 0.555718474537037 0.6341059606481482 0.5117302060185186 0.6299668865740741 0.501466275462963
0 0.6051324513888888 0.5102639305555555 0.6051324513888888 0.5131964814814816 0.6059602638888889 0.5161290324074074 0.6084437083333334 0.5190615833333333 0.6125827824074074 0.5190615833333333 0.6142384097222222 0.5146627569444445 0.6134105949074075 0.5131964814814816 0.6134105949074075 0.4912023449074074 0.6100993379629629 0.4868035185185185 0.6092715231481483 0.4838709675925926 0.6092715231481483 0.47947214120370374 0.6084437083333334 0.47947214120370374 0.6059602638888889 0.4838709675925926 0.6059602638888889 0.48826979398148146 0.6043046365740741 0.4897360694444444 0.6043046365740741 0.49413489814814815 0.6034768217592592 0.4956011736111111 0.6034768217592592 0.5058651018518519 0.6051324513888888 0.5102639305555555
0 0.6158940393518518 0.5029325509259259 0.6158940393518518 0.5087976550925926 0.6167218541666666 0.5102639305555555 0.6167218541666666 0.5146627569444445 0.6200331134259259 0.5175953078703703 0.6233443703703704 0.5146627569444445 0.6225165555555555 0.5131964814814816 0.6225165555555555 0.5102639305555555 0.6233443703703704 0.5087976550925926 0.6225165555555555 0.5043988263888889 0.6241721851851851 0.5 0.6241721851851851 0.48240469212962966 0.6225165555555555 0.4780058657407408 0.6208609282407408 0.4780058657407408 0.6200331134259259 0.4765395902777778 0.6192052986111111 0.4765395902777778 0.6158940393518518 0.48240469212962966 0.6158940393518518 0.48826979398148146 0.6150662245370371 0.4897360694444444 0.6150662245370371 0.501466275462963 0.6158940393518518 0.5029325509259259
0 0.5471854305555556 0.4340175949074074 0.5488410601851852 0.4296187685185185 0.549668875 0.42082111342592593 0.5488410601851852 0.4178885625 0.5463576157407407 0.4149560115740741 0.5447019861111111 0.4178885625 0.5447019861111111 0.4281524930555555 0.5463576157407407 0.4340175949074074 0.5471854305555556 0.4340175949074074
0 0.5413907291666666 0.40909090972222223 0.5422185439814815 0.40762463425925927 0.5422185439814815 0.4017595300925926 0.5430463564814815 0.4002932546296296 0.539735099537037 0.39882697916666665 0.5389072847222223 0.4017595300925926 0.5389072847222223 0.40762463425925927 0.539735099537037 0.40909090972222223 0.5413907291666666 0.40909090972222223
0 0.534768212962963 0.3958944282407408 0.534768212962963 0.39002932638888893 0.5339403981481481 0.38709677314814817 0.5314569537037037 0.38709677314814817 0.5298013240740741 0.39002932638888893 0.5298013240740741 0.4002932546296296 0.5331125833333333 0.4017595300925926 0.534768212962963 0.3958944282407408
0 0.5447019861111111 0.39882697916666665 0.5455298009259258 0.3973607037037037 0.5455298009259258 0.3944281527777778 0.5430463564814815 0.3885630509259259 0.5413907291666666 0.3914956018518519 0.5413907291666666 0.3944281527777778 0.5405629143518519 0.3958944282407408 0.5405629143518519 0.4017595300925926 0.539735099537037 0.4046920810185185 0.5430463564814815 0.4105571851851852 0.5447019861111111 0.39882697916666665
0 0.3319536435185185 0.5337243402777778 0.3311258287037037 0.5351906157407408 0.3327814560185185 0.5395894421296297 0.33029801388888885 0.5425219930555556 0.3319536435185185 0.5439882708333333 0.33443708564814817 0.5439882708333333 0.339403974537037 0.5351906157407408 0.339403974537037 0.527859238425926 0.335264900462963 0.5175953078703703 0.33443708564814817 0.5117302060185186 0.3327814560185185 0.5117302060185186 0.3319536435185185 0.5102639305555555 0.33029801388888885 0.5131964814814816 0.3269867546296296 0.5249266851851851 0.3278145694444444 0.5249266851851851 0.3319536435185185 0.5307917893518519 0.3319536435185185 0.5337243402777778
0 0.4205298009259259 0.43988269907407407 0.42384106018518514 0.43841642129629627 0.4230132453703704 0.43548387037037034 0.4180463564814815 0.4281524930555555 0.41556291435185183 0.4281524930555555 0.41390728472222227 0.4296187685185185 0.4130794699074074 0.4325513194444444 0.41556291435185183 0.43841642129629627 0.41970198611111115 0.43841642129629627 0.4205298009259259 0.43988269907407407