0 0.5198675486111112 0.7011834328703704 0.5215231782407407 0.7455621296296295 0.5298013240740741 0.7573964490740741 0.5322847685185186 0.7795857986111111 0.5447019861111111 0.7825443796296296 0.5538079467592593 0.7988165671296296 0.5571192060185185 0.7751479282407407 0.5529801319444444 0.7204142013888889 0.5546357615740741 0.6553254444444444 0.5579470208333333 0.6331360949074074 0.5579470208333333 0.5813609467592593 0.5629139074074074 0.5636094675925926 0.5596026481481482 0.5517751481481481 0.560430462962963 0.5133136087962963 0.5546357615740741 0.4985207106481482 0.5463576157407407 0.4926035509259259 0.5422185439814815 0.45562130092592595 0.534768212962963 0.4423076921296296 0.5264900671296296 0.44526627314814815 0.5223509930555555 0.4541420115740741 0.5223509930555555 0.48816568055555554 0.5190397361111111 0.5044378703703704 0.5115894050925925 0.514792900462963 0.5008278148148149 0.5739644976851852 0.4983443703703704 0.6405325439814815 0.5066225162037037 0.6434911249999999 0.5132450324074074 0.6553254444444444 0.5198675486111112 0.7011834328703704
0 0.4859271527777778 0.6079881666666667 0.4892384097222222 0.5976331365740741 0.48758278240740743 0.5266272199074075 0.48344370833333333 0.5192307685185186 0.4751655625 0.5236686388888889 0.46937086111111115 0.5828402361111111 0.4685430462962963 0.650887574074074 0.4817880787037037 0.6568047337962963 0.48509933796296295 0.6538461527777778 0.4859271527777778 0.6079881666666667
0 0.410596025462963 0.5739644976851852 0.4188741712962963 0.6050295856481481 0.4172185439814815 0.6242603541666667 0.4221854305555556 0.6272189351851851 0.4271523171296296 0.6183431944444444 0.4221854305555556 0.575443787037037 0.43377483333333333 0.5591715972222222 0.44039735185185186 0.5621301782407407 0.4453642384259259 0.5739644976851852 0.45529801388888885 0.5695266273148148 0.4561258287037037 0.5621301782407407 0.4478476828703704 0.49704141898148146 0.44288079398148145 0.4807692314814815 0.43791390740740743 0.47633136111111113 0.435430462962963 0.45857988194444443 0.4312913912037037 0.4571005925925926 0.4271523171296296 0.47781065046296295 0.410596025462963 0.49704141898148146 0.4072847685185185 0.5192307685185186 0.41556291435185183 0.5295857986111111 0.4172185439814815 0.5502958587962963 0.410596025462963 0.5739644976851852
0 0.39735099305555555 0.9082840231481482 0.4213576157407407 0.9260355023148149 0.424668875 0.9334319537037037 0.4619205300925926 0.923076923611111 0.4710264907407407 0.9171597638888889 0.47930463657407407 0.900887574074074 0.4859271527777778 0.8150887569444444 0.4809602638888889 0.7618343194444445 0.46523178703703705 0.7189349120370371 0.44701986805555555 0.6952662731481482 0.43625827777777776 0.6538461527777778 0.4230132453703704 0.6494082847222222 0.4122516550925926 0.6642011828703703 0.40976821296296295 0.6937869814814815 0.42632450231481483 0.7337278101851852 0.4230132453703704 0.7440828402777777 0.42384106018518514 0.7588757407407407 0.4122516550925926 0.8091715972222223 0.39155629166666667 0.8313609467592592 0.3923841064814815 0.8540429004629629 0.38741721759259257 0.8816568055555556 0.3890728472222222 0.8934911249999999 0.39735099305555555 0.9082840231481482
0 0.45115893981481486 0.9985207106481482 0.43460264814814814 0.9541420115740741 0.41390728472222227 0.9171597638888889 0.4064569537037037 0.9068047337962963 0.39652317824074074 0.9038461527777778 0.37086092824074074 0.8594674560185185 0.34933774768518516 0.8417159768518518 0.3336092708333333 0.8387573958333333 0.31539735185185186 0.8461538472222222 0.2963576157407407 0.8934911249999999 0.3046357615740741 0.931952662037037 0.2963576157407407 0.9393491134259259 0.2963576157407407 0.9985207106481482 0.45115893981481486 0.9985207106481482
0 0.48509933796296295 0.43047337268518515 0.47350993287037035 0.4023668634259259 0.4685430462962963 0.40532544444444446 0.4710264907407407 0.4911242592592593 0.4768211921296296 0.4911242592592593 0.47764900694444445 0.4497041412037037 0.48509933796296295 0.43047337268518515
0 0.44039735185185186 0.47781065046296295 0.4453642384259259 0.47633136111111113 0.44288079398148145 0.439349113425926 0.43791390740740743 0.4334319537037037 0.435430462962963 0.41272189351851857 0.4296357615740741 0.4156804722222222 0.4296357615740741 0.42751479398148146 0.4205298009259259 0.439349113425926 0.4172185439814815 0.4526627222222222 0.4163907291666667 0.46449704166666667 0.4213576157407407 0.4733727800925926 0.4296357615740741 0.46301775231481485 0.44039735185185186 0.47781065046296295
0 0.5182119212962962 0.4008875740740741 0.5124172175925926 0.39940828472222223 0.5074503310185186 0.41863905324074074 0.5091059606481482 0.4748520717592593 0.5165562916666667 0.4659763310185185 0.5198675486111112 0.4408284027777778 0.5182119212962962 0.4008875740740741
0 0.5016556296296296 0.49704141898148146 0.5041390717592593 0.5014792893518518 0.5082781458333333 0.4985207106481482 0.5099337754629629 0.48816568055555554 0.5016556296296296 0.49704141898148146
0 0.5430463564814815 0.40384615277777774 0.5389072847222223 0.40532544444444446 0.5380794699074074 0.4437869814814815 0.5438741712962963 0.4541420115740741 0.5480132453703704 0.41863905324074074 0.5430463564814815 0.40384615277777774
0 0.299668875 0.5133136087962963 0.2980132453703704 0.5029585810185185 0.28062913888888885 0.4674556203703704 0.2682119212962963 0.4659763310185185 0.26490066203703705 0.4748520717592593 0.2607615902777778 0.5177514791666668 0.26407284722222224 0.5325443796296296 0.2880794699074074 0.5236686388888889 0.299668875 0.5133136087962963