0 0.46109271527777773 0.5739644976851852 0.47930463657407407 0.5813609467592593 0.4801324513888889 0.5281065092592593 0.48758278240740743 0.49704141898148146 0.4908940393518519 0.49704141898148146 0.4908940393518519 0.4866863912037037 0.48344370833333333 0.4319526620370371 0.4726821180555556 0.4171597638888889 0.47019867592592596 0.40384615277777774 0.4627483449074074 0.40976331250000003 0.45529801388888885 0.44674556249999997 0.45943708564814817 0.5325443796296296 0.46357615972222227 0.5591715972222222 0.46109271527777773 0.5739644976851852
0 0.4528145694444444 0.5251479282407407 0.4544701990740741 0.44674556249999997 0.44619205324074074 0.4171597638888889 0.44039735185185186 0.4215976342592593 0.43874172222222224 0.43786982175925926 0.4329470208333333 0.4511834328703704 0.4312913912037037 0.4718934907407408 0.43708609259259257 0.5192307685185186 0.43874172222222224 0.5236686388888889 0.4528145694444444 0.5251479282407407
0 0.35927152314814814 0.5724852060185186 0.3634105949074074 0.6227810648148149 0.36754966898148145 0.6272189351851851 0.3725165555555556 0.6005917152777778 0.3733443703703704 0.5576923078703704 0.37913907175925926 0.5044378703703704 0.3832781458333333 0.4911242592592593 0.37996688657407407 0.4659763310185185 0.3667218541666667 0.4526627222222222 0.3634105949074074 0.43639053240740744 0.3576158935185185 0.43639053240740744 0.3551324513888889 0.45562130092592595 0.34933774768518516 0.46301775231481485 0.34519867592592596 0.4792899398148148 0.3435430462962963 0.49408284027777777 0.35347682175925926 0.5177514791666668 0.3518211921296296 0.5562130185185185 0.35927152314814814 0.5724852060185186
0 0.4254966898148148 0.8136094675925926 0.4519867546296296 0.8372781064814815 0.4685430462962963 0.8831360949074074 0.4677152314814815 0.8964497037037037 0.4751655625 0.9097633125 0.4826158935185185 0.8757396458333333 0.48675496759259257 0.8136094675925926 0.47764900694444445 0.7470414189814816 0.4710264907407407 0.7278106504629629 0.44867549768518517 0.6952662731481482 0.44619205324074074 0.6775147939814815 0.43625827777777776 0.650887574074074 0.4254966898148148 0.6464497037037037 0.4172185439814815 0.650887574074074 0.410596025462963 0.6849112430555556 0.4213576157407407 0.7189349120370371 0.4205298009259259 0.7677514791666666 0.40894039814814814 0.8150887569444444 0.4254966898148148 0.8136094675925926
0 0.3832781458333333 0.9526627222222223 0.36175496759259257 0.9763313611111111 0.325331125 0.9985207106481482 0.48675496759259257 0.9985207106481482 0.48675496759259257 0.9792899398148148 0.47764900694444445 0.9423076921296297 0.47764900694444445 0.923076923611111 0.4726821180555556 0.9112426041666667 0.4751655625 0.9038461527777778 0.4677152314814815 0.900887574074074 0.46523178703703705 0.8757396458333333 0.44867549768518517 0.8343195277777778 0.4312913912037037 0.818047337962963 0.4130794699074074 0.8165680462962963 0.38824503240740743 0.8402366875 0.37831125925925924 0.8624260347222221 0.37996688657407407 0.8786982245370369 0.375 0.8964497037037037 0.375 0.9112426041666667 0.3832781458333333 0.9526627222222223
0 0.43460264814814814 0.40976331250000003 0.42880794675925926 0.4201183425925926 0.42384106018518514 0.4408284027777778 0.4312913912037037 0.4866863912037037 0.43791390740740743 0.41272189351851857 0.43460264814814814 0.40976331250000003
0 0.48344370833333333 0.4230769236111111 0.4908940393518519 0.4866863912037037 0.4975165555555556 0.439349113425926 0.4917218541666667 0.4260355023148148 0.48344370833333333 0.4230769236111111
0 0.5091059606481482 0.49704141898148146 0.5157284768518519 0.4674556203703704 0.5173841064814815 0.40384615277777774 0.514900662037037 0.3964497037037037 0.5099337754629629 0.3964497037037037 0.5041390717592593 0.424556212962963 0.5074503310185186 0.4659763310185185 0.5008278148148149 0.49704141898148146 0.5033112592592592 0.5014792893518518 0.5091059606481482 0.49704141898148146
0 0.5016556296296296 0.4526627222222222 0.5041390717592593 0.40976331250000003 0.49586092824074074 0.40828402314814816 0.4933774837962963 0.4260355023148148 0.5 0.44674556249999997 0.4975165555555556 0.4526627222222222 0.5016556296296296 0.4526627222222222
0 0.5488410601851852 0.4349112430555555 0.5488410601851852 0.4142011828703704 0.539735099537037 0.40532544444444446 0.5389072847222223 0.4437869814814815 0.539735099537037 0.4526627222222222 0.5430463564814815 0.4541420115740741 0.5488410601851852 0.4349112430555555
0 0.5306291388888889 0.4334319537037037 0.5223509930555555 0.4408284027777778 0.5182119212962962 0.468934912037037 0.5099337754629629 0.4792899398148148 0.5091059606481482 0.4911242592592593 0.5306291388888889 0.4911242592592593 0.5339403981481481 0.4423076921296296 0.5306291388888889 0.4334319537037037