0 0.3435430462962963 0.8461538472222222 0.3518211921296296 0.8402366875 0.36009933796296295 0.7470414189814816 0.3667218541666667 0.7248520717592593 0.375 0.7322485208333334 0.38245033101851855 0.826923076388889 0.3841059606481481 0.8343195277777778 0.38990066203703705 0.8343195277777778 0.4023178819444444 0.8106508865740741 0.3981788078703704 0.6331360949074074 0.4039735092592593 0.6079881666666667 0.40562913888888885 0.5636094675925926 0.39735099305555555 0.5118343194444445 0.37913907175925926 0.4807692314814815 0.384933775462963 0.4541420115740741 0.37996688657407407 0.4319526620370371 0.3741721851851852 0.4260355023148148 0.3642384097222222 0.43047337268518515 0.36009933796296295 0.4437869814814815 0.36009933796296295 0.4674556203703704 0.35430463657407407 0.4837278101851852 0.3377483449074074 0.5014792893518518 0.3286423842592593 0.5310650879629629 0.3286423842592593 0.5784023657407408 0.34437086111111115 0.7056213009259259 0.3369205300925926 0.8372781064814815 0.3435430462962963 0.8461538472222222
0 0.34850993287037035 0.4659763310185185 0.34519867592592596 0.4423076921296296 0.3377483449074074 0.44526627314814815 0.33443708564814817 0.4718934907407408 0.3278145694444444 0.4837278101851852 0.3311258287037037 0.5236686388888889 0.34105960185185186 0.49408284027777777 0.3551324513888889 0.4807692314814815 0.34850993287037035 0.4659763310185185
0 0.30298013194444445 0.7292899398148148 0.30960264814814814 0.7973372777777777 0.314569537037037 0.8032544375 0.3203642384259259 0.7958579884259259 0.31622516666666667 0.7677514791666666 0.3170529791666667 0.7248520717592593 0.32615893981481486 0.6863905324074074 0.33443708564814817 0.6745562129629629 0.335264900462963 0.6331360949074074 0.325331125 0.5665680462962963 0.310430462962963 0.5266272199074075 0.31208609259259257 0.5073964490740741 0.3079470208333333 0.49408284027777777 0.299668875 0.48816568055555554 0.2913907291666667 0.49408284027777777 0.2880794699074074 0.5399408287037036 0.2822847685185185 0.5562130185185185 0.2814569537037037 0.5931952662037037 0.2889072847222222 0.6405325439814815 0.28476821296296295 0.7115384606481482 0.30298013194444445 0.7292899398148148
0 0.335264900462963 0.7943786990740741 0.33857615972222227 0.7914201180555556 0.33857615972222227 0.7233727800925926 0.3327814560185185 0.7233727800925926 0.3311258287037037 0.7159763310185185 0.3245033101851852 0.7159763310185185 0.3245033101851852 0.7233727800925926 0.33029801388888885 0.7884615393518518 0.335264900462963 0.7943786990740741
0 0.4230132453703704 0.7485207106481482 0.42384106018518514 0.7618343194444445 0.41970198611111115 0.7825443796296296 0.410596025462963 0.8106508865740741 0.39072847685185186 0.826923076388889 0.39072847685185186 0.8357988171296297 0.39569536342592593 0.8431952662037037 0.4188741712962963 0.8150887569444444 0.439569537037037 0.818047337962963 0.46109271527777773 0.8446745555555556 0.4718543055555556 0.8831360949074074 0.47350993287037035 0.9023668634259259 0.47764900694444445 0.9023668634259259 0.48344370833333333 0.8757396458333333 0.48675496759259257 0.8121301782407407 0.4801324513888889 0.7559171597222223 0.4710264907407407 0.7292899398148148 0.4586092708333333 0.7100591712962964 0.439569537037037 0.6538461527777778 0.42384106018518514 0.6479289930555555 0.4180463564814815 0.6523668634259259 0.41390728472222227 0.6656804722222222 0.41142384027777773 0.6878698217592593 0.4172185439814815 0.7115384606481482 0.42798013194444445 0.7337278101851852 0.4230132453703704 0.7485207106481482
0 0.3923841064814815 0.9511834328703704 0.3932119212962963 0.9822485208333334 0.3890728472222222 0.9911242592592593 0.38990066203703705 0.9985207106481482 0.490066224537037 0.9985207106481482 0.48675496759259257 0.9585798819444444 0.47764900694444445 0.9349112430555556 0.4768211921296296 0.8964497037037037 0.4718543055555556 0.8890532546296297 0.45943708564814817 0.8431952662037037 0.44867549768518517 0.826923076388889 0.42880794675925926 0.8150887569444444 0.4122516550925926 0.8224852060185185 0.384933775462963 0.8609467453703703 0.384933775462963 0.8772189351851851 0.3766556296296296 0.8934911249999999 0.3758278148148148 0.9112426041666667 0.38245033101851855 0.9142011828703703 0.3857615902777778 0.9378698217592593 0.3923841064814815 0.9511834328703704
0 0.4668874166666667 0.5044378703703704 0.4726821180555556 0.46301775231481485 0.4726821180555556 0.4349112430555555 0.4685430462962963 0.41124260416666664 0.46357615972222227 0.41124260416666664 0.4561258287037037 0.439349113425926 0.4619205300925926 0.4733727800925926 0.4627483449074074 0.5029585810185185 0.4668874166666667 0.5044378703703704
0 0.4817880787037037 0.42751479398148146 0.47764900694444445 0.40532544444444446 0.47350993287037035 0.40384615277777774 0.4710264907407407 0.4171597638888889 0.47350993287037035 0.468934912037037 0.47764900694444445 0.4733727800925926 0.4817880787037037 0.42751479398148146
0 0.5057947013888889 0.46301775231481485 0.5082781458333333 0.46301775231481485 0.5082781458333333 0.4215976342592593 0.4991721851851852 0.39940828472222223 0.4884105949074074 0.41863905324074074 0.4942052986111111 0.4911242592592593 0.4983443703703704 0.5014792893518518 0.5057947013888889 0.4807692314814815 0.5057947013888889 0.46301775231481485
0 0.5091059606481482 0.485207099537037 0.5165562916666667 0.4659763310185185 0.5182119212962962 0.4497041412037037 0.5157284768518519 0.39940828472222223 0.5099337754629629 0.39792899305555557 0.5057947013888889 0.40976331250000003 0.5082781458333333 0.4215976342592593 0.5066225162037037 0.485207099537037 0.5016556296296296 0.4911242592592593 0.5091059606481482 0.485207099537037
0 0.5488410601851852 0.4215976342592593 0.5430463564814815 0.40384615277777774 0.5389072847222223 0.4068047337962963 0.5372516550925925 0.4497041412037037 0.5405629143518519 0.4526627222222222 0.5463576157407407 0.44526627314814815 0.5488410601851852 0.4215976342592593
0 0.5339403981481481 0.43786982175925926 0.5289735092592592 0.4408284027777778 0.5281456944444445 0.4571005925925926 0.5198675486111112 0.4733727800925926 0.5115894050925925 0.47633136111111113 0.5082781458333333 0.4926035509259259 0.5322847685185186 0.49408284027777777 0.5364238402777778 0.4792899398148148 0.5339403981481481 0.43786982175925926