0 0.14403973611111112 0.7521994143518519 0.14569536342592593 0.722873900462963 0.13990066203703705 0.7067448680555556 0.13327814583333333 0.7067448680555556 0.12334437037037037 0.7419354837962963 0.12251655555555556 0.7521994143518519 0.12748344444444445 0.7580645162037037 0.1374172175925926 0.7580645162037037 0.14403973611111112 0.7521994143518519
0 0.12831125925925926 0.7155425231481481 0.12086092824074074 0.7038123171296297 0.11506622453703705 0.7067448680555556 0.11423840972222223 0.7287390023148148 0.12168874074074074 0.7390029328703703 0.12665562962962962 0.7316715532407407 0.12831125925925926 0.7155425231481481
0 0.2375827824074074 0.6612903217592593 0.22847682175925926 0.6260997060185185 0.22019867592592593 0.6304985347222222 0.21688741666666667 0.6422287384259259 0.21937086111111112 0.6715542523148149 0.22350993287037038 0.6847507337962964 0.23427152314814814 0.6788856296296296 0.2375827824074074 0.6612903217592593
0 0.23427152314814814 0.5938416412037036 0.2301324513888889 0.5938416412037036 0.2251655625 0.6114369490740741 0.22682119212962965 0.6290322569444444 0.2384105949074074 0.6158357777777779 0.23427152314814814 0.5938416412037036
0 0.27566225231481484 0.6085043981481482 0.27897350925925923 0.6158357777777779 0.28311258333333333 0.6158357777777779 0.28311258333333333 0.5967741944444444 0.27897350925925923 0.5894428148148149 0.27069536342592593 0.5879765393518519 0.26241721759259257 0.5747800578703703 0.259933775462963 0.577712611111111 0.25496688657407407 0.5938416412037036 0.25827814583333336 0.6085043981481482 0.2632450324074074 0.6143695023148148 0.27566225231481484 0.6085043981481482
0 0.26407284722222224 0.5439882708333333 0.26241721759259257 0.5322580648148149 0.2591059606481481 0.5307917893518519 0.25413907175925926 0.5439882708333333 0.2574503310185185 0.5703812314814815 0.26241721759259257 0.5718475069444445 0.26407284722222224 0.5439882708333333
0 0.41978062962962964 0.43961876851851855 0.42275910648148146 0.44489589351851855 0.42446109259259257 0.4373563055555556 0.42275910648148146 0.4328328449074074 0.420206125 0.42830938425925924 0.41892963657407406 0.42453959027777777 0.41752483333333335 0.4231730208333333 0.4163758287037037 0.4328328449074074 0.4180786435185185 0.43660263888888884 0.41978062962962964 0.43961876851851855
0 0.8112582777777777 0.9340175949074074 0.8170529791666666 0.9281524930555556 0.8245033101851852 0.8958944282407407 0.8245033101851852 0.8475073310185186 0.8187086087962963 0.8020527870370371 0.8137417222222223 0.7991202337962963 0.810430462962963 0.8035190624999999 0.8062913912037037 0.835777125 0.8062913912037037 0.9237536666666666 0.8071192060185185 0.9310850439814815 0.8112582777777777 0.9340175949074074
0 0.8460264907407408 0.9296187685185185 0.8451986759259259 0.9002932546296297 0.8501655625 0.8431085046296296 0.8410596018518518 0.8035190624999999 0.8352649004629629 0.8064516134259259 0.8278145694444445 0.8445747800925927 0.8278145694444445 0.8973607037037037 0.8319536435185185 0.941348974537037 0.8385761597222222 0.9457478009259259 0.8460264907407408 0.9296187685185185
0 0.8278145694444445 0.887096773148148 0.8278145694444445 0.8504398819444445 0.8319536435185185 0.8093841643518518 0.8269867546296297 0.7976539583333333 0.8187086087962963 0.8005865092592592 0.8178807939814815 0.8152492662037036 0.8236754976851851 0.8445747800925927 0.8245033101851852 0.887096773148148 0.8278145694444445 0.887096773148148
0 0.8592715231481483 0.8944281527777778 0.8667218541666666 0.9002932546296297 0.8692052986111111 0.8885630509259259 0.8692052986111111 0.8416422291666668 0.8741721851851851 0.8240469212962963 0.8733443703703704 0.8123167152777777 0.8625827824074074 0.7815249259259259 0.8576158935185185 0.7844574768518519 0.8501655625 0.8196480949074074 0.8518211921296297 0.835777125 0.8485099328703704 0.8929618773148148 0.8518211921296297 0.9002932546296297 0.8592715231481483 0.8944281527777778
0 0.9528145694444445 0.8445747800925927 0.9552980138888889 0.7741935486111111 0.945364238425926 0.7448680347222222 0.9387417222222223 0.7448680347222222 0.9321192060185185 0.7683284467592593 0.9329470208333334 0.8504398819444445 0.9420529791666666 0.8621700879629629 0.9445364236111111 0.8519061574074074 0.9528145694444445 0.8445747800925927
0 0.9288079467592593 0.7521994143518519 0.9254966898148148 0.722873900462963 0.9197019861111111 0.719941349537037 0.9089403981481482 0.7316715532407407 0.9039735092592592 0.7434017592592593 0.9048013240740741 0.7507331388888888 0.924668875 0.7624633425925926 0.9288079467592593 0.7521994143518519
0 0.9288079467592593 0.9985337245370371 0.9321192060185185 0.9501466273148148 0.939569537037037 0.922287388888889 0.939569537037037 0.9090909097222223 0.929635761574074 0.8841642222222221 0.9279801319444445 0.8695014652777778 0.9213576157407408 0.8607038125 0.9072847685185186 0.9061583587962964 0.9048013240740741 0.9354838703703704 0.9039735092592592 0.972140761574074 0.9105960254629629 0.9868035185185186 0.9105960254629629 0.9985337245370371 0.9288079467592593 0.9985337245370371
0 0.9387417222222223 0.9765395902777777 0.9486754976851851 0.9853372430555555 0.9569536435185185 0.9178885625 0.9552980138888889 0.8739002939814815 0.9486754976851851 0.8489736064814815 0.9420529791666666 0.8533724328703703 0.9337748333333334 0.8724340185185185 0.9312913912037037 0.8856304976851852 0.9403973518518519 0.9105571851851851 0.9346026481481481 0.9545454537037037 0.9387417222222223 0.9765395902777777
0 0.920529800925926 0.8621700879629629 0.920529800925926 0.8416422291666668 0.9147350995370371 0.8387096782407407 0.9039735092592592 0.856304986111111 0.8965231782407408 0.8812316712962963 0.9039735092592592 0.9325513194444445 0.9081125833333333 0.9017595300925926 0.920529800925926 0.8621700879629629
0 0.9826158935185185 0.9985337245370371 0.9817880787037038 0.9853372430555555 0.9859271527777778 0.9750733148148149 0.9908940393518518 0.9237536666666666 0.9842715231481483 0.8900293263888889 0.9759933773148148 0.8929618773148148 0.9701986759259259 0.9237536666666666 0.9718543055555556 0.9354838703703704 0.9660596018518518 0.9530791782407407 0.9660596018518518 0.9677419351851853 0.9743377476851852 0.9824046921296296 0.9735099328703704 0.9985337245370371 0.9826158935185185 0.9985337245370371
0 0.7086092708333334 0.6304985347222222 0.7069536435185185 0.6041055717592593 0.7019867546296297 0.6055718472222222 0.6978476828703704 0.6319648101851852 0.6970198680555555 0.6862170092592592 0.700331125 0.6920821111111111 0.7036423842592592 0.6847507337962964 0.7086092708333334 0.6304985347222222
0 0.7210264907407408 0.6935483865740741 0.7210264907407408 0.6304985347222222 0.715231787037037 0.6114369490740741 0.7110927152777777 0.612903226851852 0.7086092708333334 0.6275659814814815 0.7069536435185185 0.6818181828703703 0.7094370856481481 0.695014662037037 0.7168874166666667 0.6994134907407408 0.7210264907407408 0.6935483865740741
0 0.7425496689814814 0.6568914953703704 0.7384105949074075 0.6246334305555555 0.7301324513888888 0.6085043981481482 0.7243377476851852 0.6143695023148148 0.7226821180555555 0.6671554259259259 0.7259933773148148 0.695014662037037 0.7375827824074074 0.6979472129629629 0.7425496689814814 0.6568914953703704
0 0.7475165555555555 0.7140762453703703 0.7524834444444445 0.7140762453703703 0.7566225162037037 0.6920821111111111 0.7657284768518517 0.6847507337962964 0.7624172175925926 0.6392961875 0.7533112592592592 0.6466275671296297 0.75 0.6715542523148149 0.7433774837962963 0.6847507337962964 0.7433774837962963 0.7008797662037037 0.7475165555555555 0.7140762453703703
0 0.7624172175925926 0.6260997060185185 0.7533112592592592 0.5982404699074074 0.7458609282407408 0.6055718472222222 0.7425496689814814 0.6202346041666666 0.7417218541666666 0.636363636574074 0.7483443703703704 0.6627565972222222 0.7599337754629629 0.6392961875 0.7624172175925926 0.6260997060185185
0 0.6763245023148149 0.6334310856481481 0.6812913912037037 0.6275659814814815 0.6788079467592593 0.6085043981481482 0.6738410601851852 0.5982404699074074 0.6713576157407408 0.5967741944444444 0.6655629143518519 0.6114369490740741 0.6622516550925925 0.636363636574074 0.6614238402777778 0.664222875 0.6647350995370371 0.6818181828703703 0.6713576157407408 0.6788856296296296 0.6763245023148149 0.6334310856481481
0 0.6647350995370371 0.5601173009259259 0.6647350995370371 0.5293255138888889 0.6581125833333333 0.5146627569444445 0.6539735092592592 0.5175953078703703 0.6523178819444445 0.5498533726851852 0.6564569537037037 0.577712611111111 0.6614238402777778 0.5821114374999999 0.6647350995370371 0.5601173009259259
0 0.6531456944444444 0.5205278587962963 0.6506622523148148 0.5 0.6465231782407408 0.5 0.6440397361111111 0.5146627569444445 0.6407284768518517 0.5527859236111111 0.6432119212962962 0.5762463333333333 0.6473509930555555 0.580645162037037 0.6531456944444444 0.5205278587962963
0 0.6059602638888889 0.4912023449074074 0.6026490069444445 0.4868035185185185 0.5976821180555555 0.4912023449074074 0.5968543055555556 0.5337243402777778 0.5985099328703704 0.5395894421296297 0.6026490069444445 0.5395894421296297 0.6059602638888889 0.4912023449074074
0 0.5910596018518519 0.48240469212962966 0.5885761597222222 0.4765395902777778 0.585264900462963 0.4780058657407408 0.5836092708333334 0.49853372453703704 0.585264900462963 0.5146627569444445 0.5885761597222222 0.5190615833333333 0.5910596018518519 0.48240469212962966
0 0.5827814560185185 0.4706744861111111 0.5802980138888889 0.46334310879629625 0.5761589398148148 0.46334310879629625 0.5745033101851852 0.4809384166666667 0.5786423842592593 0.4897360694444444 0.5811258287037037 0.48826979398148146 0.5827814560185185 0.4706744861111111
0 0.5711920532407407 0.46041055787037033 0.5720198680555556 0.48240469212962966 0.5745033101851852 0.4809384166666667 0.5761589398148148 0.46334310879629625 0.5711920532407407 0.46041055787037033
0 0.6192052986111111 0.4897360694444444 0.6175496689814814 0.4780058657407408 0.6142384097222222 0.47947214120370374 0.6117549675925926 0.49853372453703704 0.6167218541666666 0.5102639305555555 0.6192052986111111 0.5058651018518519 0.6192052986111111 0.4897360694444444
0 0.6233443703703704 0.47360703703703705 0.6175496689814814 0.4765395902777778 0.6150662245370371 0.4926686226851852 0.6142384097222222 0.5249266851851851 0.6225165555555555 0.5293255138888889 0.6266556296296296 0.4970674490740741 0.6233443703703704 0.47360703703703705
0 0.575331125 0.4325513194444444 0.575331125 0.44281525 0.5786423842592593 0.4457478009259259 0.5786423842592593 0.4340175949074074 0.575331125 0.4325513194444444
0 0.5488410601851852 0.4222873888888889 0.5471854305555556 0.4296187685185185 0.5504966898148148 0.44134897453703703 0.5529801319444444 0.4281524930555555 0.5488410601851852 0.4222873888888889
0 0.5918874166666667 0.45014662731481486 0.590231787037037 0.4677419351851852 0.5943708611111111 0.4750733148148148 0.5951986759259259 0.4530791782407408 0.5918874166666667 0.45014662731481486