0 0.12003311342592592 0.9516129027777778 0.11423840972222223 0.9354838703703704 0.11506622453703705 0.9120234606481482 0.10761589351851851 0.9105571851851851 0.10430463657407409 0.914956011574074 0.10430463657407409 0.9340175949074074 0.09768211805555556 0.9486803518518518 0.09685430555555555 0.9853372430555555 0.1001655625 0.9985337245370371 0.12417218518518519 0.9985337245370371 0.12003311342592592 0.9516129027777778
0 0.09023178703703703 0.9868035185185186 0.08857615972222223 0.973607037037037 0.09023178703703703 0.944281525462963 0.09602649074074074 0.941348974537037 0.09602649074074074 0.922287388888889 0.0943708611111111 0.9002932546296297 0.08443708564814816 0.8621700879629629 0.07781456944444444 0.8651026388888888 0.07615893981481481 0.8900293263888889 0.07284768287037037 0.8988269791666667 0.0811258287037037 0.9956011736111111 0.09188741666666667 0.9985337245370371 0.09519867592592592 0.9912023449074074 0.09023178703703703 0.9868035185185186
0 0.09519867592592592 0.8211143703703704 0.10099337731481482 0.8079178888888889 0.1051324513888889 0.8181818171296297 0.11009933796296296 0.8167155416666667 0.1067880787037037 0.7991202337962963 0.10844370833333333 0.7580645162037037 0.10347682175925926 0.7375366574074074 0.09271523148148147 0.7360703819444445 0.0869205300925926 0.7448680347222222 0.08609271527777779 0.7653958935185186 0.09271523148148147 0.7741935486111111 0.08940397453703704 0.8196480949074074 0.09519867592592592 0.8211143703703704
0 0.1183774837962963 0.7580645162037037 0.12086092824074074 0.7478005856481481 0.11754966898148149 0.7184750740740741 0.11092715277777777 0.7170087986111111 0.1051324513888889 0.7375366574074074 0.11009933796296296 0.7609970671296297 0.11341059490740742 0.7609970671296297 0.1183774837962963 0.7580645162037037
0 0.13576159027777776 0.7375366574074074 0.13410596064814814 0.719941349537037 0.12417218518518519 0.7067448680555556 0.11920529861111112 0.7155425231481481 0.12003311342592592 0.7404692083333333 0.12251655555555556 0.7478005856481481 0.12996688657407407 0.7521994143518519 0.13576159027777776 0.7375366574074074
0 0.14817880787037035 0.7096774189814815 0.1432119212962963 0.7140762453703703 0.1390728472222222 0.7287390023148148 0.1365894050925926 0.7434017592592593 0.15066225231481484 0.7404692083333333 0.1572847685185185 0.7302052777777779 0.14817880787037035 0.7096774189814815
0 0.17798013194444445 0.7404692083333333 0.1754966898148148 0.7243401759259259 0.17052980092592593 0.7096774189814815 0.16556291435185186 0.7096774189814815 0.16059602546296295 0.7331378310185186 0.16804635648148147 0.7463343101851853 0.174668875 0.7492668611111112 0.17798013194444445 0.7404692083333333
0 0.23923840972222224 0.6774193541666667 0.2375827824074074 0.6568914953703704 0.2301324513888889 0.6348973611111112 0.22682119212962965 0.6304985347222222 0.22102649074074077 0.6378299120370371 0.22102649074074077 0.6539589444444445 0.22764900694444443 0.6612903217592593 0.23427152314814814 0.6788856296296296 0.23923840972222224 0.6774193541666667
0 0.20684354398148147 0.6743533726851851 0.21230463657407408 0.6747404699074074 0.21601821296296297 0.6720307916666667 0.21973178703703702 0.6747404699074074 0.22126159027777778 0.6824809375 0.2236639074074074 0.6890615833333333 0.22672268287037037 0.6848035185185185 0.22519370833333333 0.6786114375 0.22410099305555556 0.6708695023148148 0.22060596064814816 0.6627419351851851 0.21623675462962963 0.662354837962963 0.21492632407407408 0.6522917893518518 0.21645529861111112 0.6422287384259259 0.21339652314814814 0.6337140763888889 0.20793543055555558 0.6414545462962963 0.206625 0.649970673611111 0.20444039814814816 0.6565498541666668 0.20422185416666666 0.6631290324074074 0.20509602546296296 0.667 0.20684354398148147 0.6743533726851851
0 0.2319652314814815 0.6360366574074073 0.2354610925925926 0.6441642222222222 0.238956125 0.6511304976851852 0.24179553009259258 0.6604193541666666 0.24703890740740742 0.6650645162037037 0.24966059490740738 0.6573240462962963 0.2507524837962963 0.6460997060185185 0.24288824537037038 0.6379721412037037 0.2378634097222222 0.6275219930555556 0.24114072916666665 0.6170718472222222 0.2372086087962963 0.6085571851851852 0.2354610925925926 0.5973328449074075 0.2299991712962963 0.5957844583333334 0.2291258287037037 0.6042991203703703 0.2265041388888889 0.6135879768518518 0.22519370833333333 0.6251994143518518 0.22606705324074075 0.6267478009259259 0.2319652314814815 0.6360366574074073
0 0.25331125925925924 0.5953079189814815 0.25331125925925924 0.6055718472222222 0.25413907175925926 0.6085043981481482 0.25827814583333336 0.6085043981481482 0.26490066203703705 0.6158357777777779 0.2673841064814815 0.612903226851852 0.2698675486111111 0.612903226851852 0.27235099305555555 0.6099706736111111 0.27566225231481484 0.6085043981481482 0.2781456944444444 0.6114369490740741 0.27897350925925923 0.6158357777777779 0.28062913888888885 0.6173020532407407 0.28311258333333333 0.6173020532407407 0.28311258333333333 0.6011730208333333 0.28394039814814814 0.5997067453703703 0.28394039814814814 0.5953079189814815 0.27649006712962965 0.5879765393518519 0.27317880787037035 0.5879765393518519 0.27235099305555555 0.5894428148148149 0.27069536342592593 0.5879765393518519 0.2682119212962963 0.5879765393518519 0.26572847685185186 0.5850439884259259 0.26572847685185186 0.577712611111111 0.26490066203703705 0.5762463333333333 0.26407284722222224 0.577712611111111 0.2615894050925926 0.577712611111111 0.2615894050925926 0.5835777129629629 0.2574503310185185 0.5909090902777778 0.25496688657407407 0.5923753657407408 0.25331125925925924 0.5953079189814815
0 0.31125827777777776 0.5645161296296296 0.31208609259259257 0.5659824050925926 0.31208609259259257 0.5835777129629629 0.31291390740740743 0.5865102638888889 0.31374172222222224 0.5879765393518519 0.314569537037037 0.5865102638888889 0.3203642384259259 0.5879765393518519 0.3278145694444444 0.5879765393518519 0.3294701990740741 0.5850439884259259 0.3294701990740741 0.5762463333333333 0.3286423842592593 0.5747800578703703 0.3278145694444444 0.5689149560185185 0.325331125 0.5645161296296296 0.325331125 0.5630498541666666 0.3245033101851852 0.5630498541666666 0.3203642384259259 0.555718474537037 0.3203642384259259 0.5513196481481482 0.31788079398148145 0.5469208217592593 0.31622516666666667 0.5469208217592593 0.31374172222222224 0.5498533726851852 0.31374172222222224 0.5542521990740741 0.31291390740740743 0.555718474537037 0.31291390740740743 0.558651025462963 0.31125827777777776 0.5645161296296296
0 0.4172185439814815 0.43841642129629627 0.41970198611111115 0.43841642129629627 0.4205298009259259 0.43988269907407407 0.4230132453703704 0.43988269907407407 0.42384106018518514 0.43841642129629627 0.42384106018518514 0.4369501458333333 0.4205298009259259 0.43108504398148145 0.4188741712962963 0.4296187685185185 0.41556291435185183 0.4296187685185185 0.414735099537037 0.43108504398148145 0.414735099537037 0.43548387037037034 0.41556291435185183 0.4369501458333333 0.4172185439814815 0.43841642129629627
0 0.43377483333333333 0.4105571851851852 0.43211920601851855 0.40762463425925927 0.4296357615740741 0.40762463425925927 0.42880794675925926 0.40909090972222223 0.42880794675925926 0.4134897361111111 0.43211920601851855 0.4134897361111111 0.43377483333333333 0.4105571851851852
0 0.5430463564814815 0.40322580555555554 0.5430463564814815 0.3958944282407408 0.5438741712962963 0.3944281527777778 0.5438741712962963 0.39002932638888893 0.5430463564814815 0.38709677314814817 0.539735099537037 0.38709677314814817 0.5389072847222223 0.39002932638888893 0.5389072847222223 0.4002932546296296 0.5413907291666666 0.40322580555555554 0.5430463564814815 0.40322580555555554
0 0.5745033101851852 0.44868035185185184 0.5761589398148148 0.4516129027777778 0.5778145694444444 0.4516129027777778 0.5786423842592593 0.44868035185185184 0.5778145694444444 0.4281524930555555 0.5745033101851852 0.4281524930555555 0.5736754976851851 0.43108504398148145 0.5736754976851851 0.44134897453703703 0.5745033101851852 0.44281525 0.5745033101851852 0.44868035185185184
0 0.5885761597222222 0.4530791782407408 0.5885761597222222 0.44868035185185184 0.5877483449074075 0.4472140763888889 0.5877483449074075 0.4296187685185185 0.585264900462963 0.4266862175925926 0.5844370856481481 0.4281524930555555 0.5844370856481481 0.4340175949074074 0.5836092708333334 0.43548387037037034 0.5827814560185185 0.4530791782407408 0.5836092708333334 0.45454545370370375 0.5869205300925926 0.45454545370370375 0.5885761597222222 0.4530791782407408
0 0.5802980138888889 0.4706744861111111 0.5794701990740742 0.46920821064814816 0.5794701990740742 0.45601172916666666 0.5778145694444444 0.4516129027777778 0.5761589398148148 0.4530791782407408 0.575331125 0.4765395902777778 0.5761589398148148 0.47947214120370374 0.5802980138888889 0.47947214120370374 0.5802980138888889 0.4706744861111111
0 0.5827814560185185 0.5 0.5827814560185185 0.5043988263888889 0.5836092708333334 0.5058651018518519 0.5844370856481481 0.5205278587962963 0.5860927152777777 0.5234604097222222 0.5910596018518519 0.5234604097222222 0.5918874166666667 0.5219941342592592 0.5918874166666667 0.4912023449074074 0.590231787037037 0.48826979398148146 0.589403974537037 0.4838709675925926 0.5877483449074075 0.48240469212962966 0.5844370856481481 0.48240469212962966 0.5827814560185185 0.48533724305555553 0.5827814560185185 0.48826979398148146 0.5819536435185185 0.4897360694444444 0.5819536435185185 0.49853372453703704 0.5827814560185185 0.5
0 0.6076158935185185 0.5425219930555556 0.6076158935185185 0.5513196481481482 0.6067880787037038 0.5527859236111111 0.6067880787037038 0.5659824050925926 0.6076158935185185 0.5674486805555555 0.6134105949074075 0.5674486805555555 0.6142384097222222 0.5645161296296296 0.6142384097222222 0.555718474537037 0.6158940393518518 0.5498533726851852 0.6158940393518518 0.527859238425926 0.6142384097222222 0.5249266851851851 0.6125827824074074 0.5190615833333333 0.6125827824074074 0.5161290324074074 0.6092715231481483 0.5146627569444445 0.6092715231481483 0.5205278587962963 0.6076158935185185 0.5219941342592592 0.6076158935185185 0.526392962962963 0.6067880787037038 0.527859238425926 0.6067880787037038 0.5410557175925926 0.6076158935185185 0.5425219930555556
0 0.6092715231481483 0.5058651018518519 0.6084437083333334 0.5131964814814816 0.6076158935185185 0.5146627569444445 0.6084437083333334 0.5161290324074074 0.6084437083333334 0.5205278587962963 0.6076158935185185 0.5219941342592592 0.6117549675925926 0.5219941342592592 0.6125827824074074 0.5205278587962963 0.6142384097222222 0.5205278587962963 0.6142384097222222 0.5175953078703703 0.6158940393518518 0.5146627569444445 0.6142384097222222 0.5117302060185186 0.6142384097222222 0.501466275462963 0.6134105949074075 0.5 0.6134105949074075 0.4956011736111111 0.6125827824074074 0.49413489814814815 0.6125827824074074 0.48826979398148146 0.6109271527777778 0.4897360694444444 0.6092715231481483 0.49413489814814815 0.6092715231481483 0.5 0.6100993379629629 0.501466275462963 0.6100993379629629 0.5043988263888889 0.6092715231481483 0.5058651018518519
0 0.6142384097222222 0.4970674490740741 0.6150662245370371 0.5087976550925926 0.6158940393518518 0.5117302060185186 0.6183774837962963 0.5146627569444445 0.6233443703703704 0.5146627569444445 0.6225165555555555 0.5131964814814816 0.6225165555555555 0.5087976550925926 0.6216887407407408 0.5087976550925926 0.6208609282407408 0.5043988263888889 0.6225165555555555 0.501466275462963 0.6225165555555555 0.4970674490740741 0.6233443703703704 0.4956011736111111 0.6233443703703704 0.48533724305555553 0.6225165555555555 0.4838709675925926 0.6225165555555555 0.4809384166666667 0.6192052986111111 0.4765395902777778 0.6183774837962963 0.4765395902777778 0.6167218541666666 0.47947214120370374 0.6150662245370371 0.47947214120370374 0.6150662245370371 0.48240469212962966 0.6134105949074075 0.48533724305555553 0.6134105949074075 0.4956011736111111 0.6142384097222222 0.4970674490740741
0 0.6506622523148148 0.5542521990740741 0.6539735092592592 0.5542521990740741 0.6556291388888889 0.5498533726851852 0.6556291388888889 0.5454545462962963 0.6589403981481482 0.5410557175925926 0.6581125833333333 0.5205278587962963 0.6572847685185186 0.5190615833333333 0.6572847685185186 0.5161290324074074 0.6539735092592592 0.5102639305555555 0.6539735092592592 0.5087976550925926 0.6531456944444444 0.5087976550925926 0.6506622523148148 0.5131964814814816 0.6498344375 0.5190615833333333 0.6490066226851852 0.5205278587962963 0.6490066226851852 0.5293255138888889 0.6481788078703703 0.5307917893518519 0.6473509930555555 0.5498533726851852 0.6506622523148148 0.5542521990740741
0 0.6341059606481482 0.5146627569444445 0.6332781458333334 0.5175953078703703 0.6341059606481482 0.5190615833333333 0.6341059606481482 0.526392962962963 0.6349337754629629 0.527859238425926 0.6349337754629629 0.5322580648148149 0.6374172175925926 0.5337243402777778 0.6390728472222222 0.5307917893518519 0.6390728472222222 0.5219941342592592 0.6415562916666666 0.4956011736111111 0.6407284768518517 0.4926686226851852 0.6382450324074074 0.4926686226851852 0.6357615902777778 0.4956011736111111 0.6349337754629629 0.501466275462963 0.6332781458333334 0.5043988263888889 0.6332781458333334 0.5131964814814816 0.6341059606481482 0.5146627569444445
0 0.6407284768518517 0.5322580648148149 0.6448675486111112 0.5322580648148149 0.6465231782407408 0.5307917893518519 0.6465231782407408 0.527859238425926 0.6473509930555555 0.526392962962963 0.6473509930555555 0.5175953078703703 0.6481788078703703 0.5161290324074074 0.6490066226851852 0.5102639305555555 0.6490066226851852 0.501466275462963 0.6473509930555555 0.4956011736111111 0.6456953634259259 0.4956011736111111 0.6448675486111112 0.49413489814814815 0.6432119212962962 0.49413489814814815 0.6415562916666666 0.4970674490740741 0.6407284768518517 0.4970674490740741 0.6407284768518517 0.5029325509259259 0.6399006620370371 0.5043988263888889 0.6399006620370371 0.5307917893518519 0.6407284768518517 0.5322580648148149
0 0.6399006620370371 0.5953079189814815 0.6399006620370371 0.6099706736111111 0.6407284768518517 0.6114369490740741 0.6407284768518517 0.6173020532407407 0.6415562916666666 0.6187683287037037 0.6415562916666666 0.6246334305555555 0.6423841064814815 0.6260997060185185 0.6423841064814815 0.6378299120370371 0.6432119212962962 0.6392961875 0.6473509930555555 0.6392961875 0.6490066226851852 0.6378299120370371 0.6498344375 0.6348973611111112 0.6498344375 0.6246334305555555 0.6506622523148148 0.6231671550925926 0.6506622523148148 0.5821114374999999 0.6473509930555555 0.5762463333333333 0.6465231782407408 0.5703812314814815 0.6432119212962962 0.5689149560185185 0.6415562916666666 0.5733137824074074 0.6423841064814815 0.579178886574074 0.6407284768518517 0.5850439884259259 0.6407284768518517 0.5938416412037036 0.6399006620370371 0.5953079189814815
0 0.5985099328703704 0.4897360694444444 0.6001655625 0.4868035185185185 0.6001655625 0.4838709675925926 0.6018211921296297 0.4809384166666667 0.6009933773148148 0.4780058657407408 0.6009933773148148 0.4750733148148148 0.6018211921296297 0.47360703703703705 0.6009933773148148 0.4721407615740741 0.6009933773148148 0.46334310879629625 0.5985099328703704 0.45894428240740737 0.5976821180555555 0.46041055787037033 0.5960264907407408 0.46041055787037033 0.5951986759259259 0.4618768333333333 0.5951986759259259 0.4809384166666667 0.5968543055555556 0.4838709675925926 0.5985099328703704 0.4897360694444444
0 0.6026490069444445 0.48533724305555553 0.6018211921296297 0.4868035185185185 0.6059602638888889 0.48826979398148146 0.6076158935185185 0.4868035185185185 0.6076158935185185 0.48533724305555553 0.6100993379629629 0.47947214120370374 0.6092715231481483 0.4780058657407408 0.6092715231481483 0.4750733148148148 0.6100993379629629 0.47360703703703705 0.6100993379629629 0.4677419351851852 0.6084437083333334 0.4618768333333333 0.6051324513888888 0.4618768333333333 0.6034768217592592 0.4648093842592593 0.6026490069444445 0.4648093842592593 0.6018211921296297 0.46627565972222224 0.6018211921296297 0.4809384166666667 0.6026490069444445 0.48240469212962966 0.6026490069444445 0.48533724305555553
0 0.6175496689814814 0.4765395902777778 0.6175496689814814 0.46920821064814816 0.6158940393518518 0.46627565972222224 0.6142384097222222 0.46627565972222224 0.6125827824074074 0.4677419351851852 0.6125827824074074 0.47947214120370374 0.6158940393518518 0.4809384166666667 0.6175496689814814 0.4765395902777778
0 0.6291390717592592 0.48240469212962966 0.6291390717592592 0.4897360694444444 0.6299668865740741 0.4912023449074074 0.6299668865740741 0.49413489814814815 0.6307947013888889 0.49413489814814815 0.6332781458333334 0.5 0.6349337754629629 0.5 0.6365894050925925 0.4970674490740741 0.6407284768518517 0.4956011736111111 0.6432119212962962 0.4868035185185185 0.6423841064814815 0.48533724305555553 0.6432119212962962 0.48240469212962966 0.6432119212962962 0.4765395902777778 0.6399006620370371 0.4648093842592593 0.6382450324074074 0.4648093842592593 0.6374172175925926 0.46334310879629625 0.6332781458333334 0.46334310879629625 0.6291390717592592 0.46920821064814816 0.6291390717592592 0.4721407615740741 0.6283112592592592 0.47360703703703705 0.6283112592592592 0.4809384166666667 0.6291390717592592 0.48240469212962966
0 0.6779801319444445 0.6392961875 0.6779801319444445 0.665689150462963 0.6763245023148149 0.6847507337962964 0.6862582777777777 0.6847507337962964 0.6887417222222223 0.6876832847222223 0.6887417222222223 0.6803519050925926 0.689569537037037 0.6774193541666667 0.6887417222222223 0.6759530787037037 0.6879139074074074 0.6627565972222222 0.6870860925925926 0.6612903217592593 0.6870860925925926 0.6392961875 0.6879139074074074 0.6378299120370371 0.6879139074074074 0.6304985347222222 0.6862582777777777 0.6231671550925926 0.6804635763888889 0.612903226851852 0.6788079467592593 0.6070381226851852 0.674668875 0.6070381226851852 0.6738410601851852 0.6114369490740741 0.6763245023148149 0.6231671550925926 0.6771523171296296 0.6378299120370371 0.6779801319444445 0.6392961875
0 0.6978476828703704 0.6891495601851851 0.700331125 0.6935483865740741 0.7052980138888889 0.6964809375000001 0.7086092708333334 0.6964809375000001 0.7094370856481481 0.695014662037037 0.7086092708333334 0.6906158356481482 0.7086092708333334 0.6730205277777778 0.7094370856481481 0.6715542523148149 0.7094370856481481 0.6627565972222222 0.7110927152777777 0.6568914953703704 0.7102649004629629 0.6290322569444444 0.7094370856481481 0.6275659814814815 0.7102649004629629 0.6231671550925926 0.7102649004629629 0.6099706736111111 0.7077814560185186 0.6070381226851852 0.7036423842592592 0.6085043981481482 0.7036423842592592 0.612903226851852 0.7019867546296297 0.6158357777777779 0.7019867546296297 0.6187683287037037 0.6986754976851851 0.6246334305555555 0.6978476828703704 0.6290322569444444 0.6978476828703704 0.6510263935185185 0.6986754976851851 0.6524926689814814 0.6978476828703704 0.6891495601851851
0 0.7284768217592592 0.6788856296296296 0.7268211921296297 0.6818181828703703 0.7268211921296297 0.6891495601851851 0.7301324513888888 0.6935483865740741 0.7350993379629629 0.6935483865740741 0.7384105949074075 0.6891495601851851 0.7408940393518518 0.6891495601851851 0.7408940393518518 0.6832844583333333 0.7384105949074075 0.6774193541666667 0.7417218541666666 0.6700879768518518 0.7466887407407408 0.665689150462963 0.7475165555555555 0.6524926689814814 0.7524834444444445 0.636363636574074 0.7516556296296296 0.6348973611111112 0.7516556296296296 0.6246334305555555 0.7533112592592592 0.6217008796296296 0.7516556296296296 0.6143695023148148 0.7524834444444445 0.6026392962962963 0.7508278148148149 0.6011730208333333 0.7450331134259259 0.6085043981481482 0.7400662245370371 0.6217008796296296 0.7359271527777778 0.6290322569444444 0.7326158935185185 0.6319648101851852 0.7317880787037038 0.6348973611111112 0.7317880787037038 0.6495601180555555 0.7342715231481483 0.6568914953703704 0.7301324513888888 0.664222875 0.7284768217592592 0.6788856296296296
0 0.7475165555555555 0.6759530787037037 0.7433774837962963 0.6847507337962964 0.7433774837962963 0.7067448680555556 0.7450331134259259 0.7126099699074074 0.7508278148148149 0.7155425231481481 0.7533112592592592 0.7126099699074074 0.7549668865740741 0.7008797662037037 0.7574503310185186 0.6920821111111111 0.7615894050925925 0.6862170092592592 0.7640728472222222 0.6847507337962964 0.7649006620370371 0.6671554259259259 0.7665562916666666 0.6627565972222222 0.7665562916666666 0.6568914953703704 0.7649006620370371 0.6539589444444445 0.7657284768518517 0.6510263935185185 0.7640728472222222 0.6466275671296297 0.7649006620370371 0.643695013888889 0.7632450324074074 0.640762462962963 0.7615894050925925 0.6334310856481481 0.7591059606481482 0.6319648101851852 0.7566225162037037 0.6348973611111112 0.7557947013888889 0.6392961875 0.75 0.6466275671296297 0.75 0.6495601180555555 0.7483443703703704 0.6539589444444445 0.7483443703703704 0.6627565972222222 0.7491721851851851 0.664222875 0.7483443703703704 0.6715542523148149 0.7475165555555555 0.6759530787037037
0 0.7599337754629629 0.643695013888889 0.7615894050925925 0.6466275671296297 0.7624172175925926 0.6495601180555555 0.7624172175925926 0.6554252199074073 0.7640728472222222 0.6598240462962963 0.7640728472222222 0.6715542523148149 0.7649006620370371 0.6730205277777778 0.7649006620370371 0.6788856296296296 0.7657284768518517 0.6774193541666667 0.7657284768518517 0.6730205277777778 0.7665562916666666 0.6700879768518518 0.7690397361111111 0.6671554259259259 0.7706953634259259 0.6612903217592593 0.7706953634259259 0.6524926689814814 0.7715231782407408 0.6510263935185185 0.7706953634259259 0.6495601180555555 0.7706953634259259 0.6392961875 0.7698675486111112 0.6378299120370371 0.7698675486111112 0.6334310856481481 0.7690397361111111 0.6319648101851852 0.7682119212962962 0.6260997060185185 0.7665562916666666 0.6260997060185185 0.7657284768518517 0.6246334305555555 0.7624172175925926 0.6246334305555555 0.7599337754629629 0.6334310856481481 0.7582781458333334 0.636363636574074 0.7591059606481482 0.640762462962963 0.7574503310185186 0.6422287384259259 0.7574503310185186 0.643695013888889 0.7599337754629629 0.643695013888889
0 0.7930463564814815 0.7947214074074074 0.7922185439814814 0.7961876828703703 0.7913907291666666 0.8167155416666667 0.7947019861111111 0.8225806458333333 0.7980132453703703 0.8211143703703704 0.7988410601851852 0.8167155416666667 0.8013245023148149 0.8167155416666667 0.8054635763888889 0.8255131967592592 0.8087748333333334 0.8255131967592592 0.810430462962963 0.8225806458333333 0.810430462962963 0.804985337962963 0.8096026481481481 0.8035190624999999 0.810430462962963 0.8005865092592592 0.8096026481481481 0.7976539583333333 0.8096026481481481 0.7888563055555556 0.810430462962963 0.7873900300925926 0.8096026481481481 0.777126099537037 0.810430462962963 0.7756598240740741 0.8087748333333334 0.7697947222222221 0.8120860925925926 0.7624633425925926 0.8112582777777777 0.7434017592592593 0.8087748333333334 0.7302052777777779 0.8062913912037037 0.7258064513888889 0.8004966898148148 0.7272727268518518 0.7980132453703703 0.7302052777777779 0.7988410601851852 0.7360703819444445 0.7938741712962963 0.7448680347222222 0.7922185439814814 0.7551319652777778 0.7938741712962963 0.7624633425925926 0.7938741712962963 0.7727272731481482 0.7930463564814815 0.7741935486111111 0.7930463564814815 0.7947214074074074
0 0.8013245023148149 0.6920821111111111 0.8029801319444445 0.6920821111111111 0.8038079467592593 0.6935483865740741 0.8029801319444445 0.7052785925925926 0.8062913912037037 0.7067448680555556 0.8071192060185185 0.7082111435185184 0.8129139074074074 0.7082111435185184 0.8137417222222223 0.7067448680555556 0.8153973518518519 0.7067448680555556 0.8170529791666666 0.7038123171296297 0.8195364236111111 0.7082111435185184 0.8211920532407407 0.7082111435185184 0.8211920532407407 0.6994134907407408 0.8187086087962963 0.695014662037037 0.8195364236111111 0.6920821111111111 0.8211920532407407 0.6906158356481482 0.8153973518518519 0.6876832847222223 0.8153973518518519 0.6832844583333333 0.8162251666666666 0.6818181828703703 0.8162251666666666 0.6715542523148149 0.8178807939814815 0.6700879768518518 0.8178807939814815 0.6671554259259259 0.8162251666666666 0.664222875 0.8170529791666666 0.6612903217592593 0.8162251666666666 0.6583577708333332 0.810430462962963 0.6510263935185185 0.8054635763888889 0.6524926689814814 0.804635761574074 0.6539589444444445 0.804635761574074 0.6583577708333332 0.8029801319444445 0.6612903217592593 0.8029801319444445 0.664222875 0.8021523171296296 0.665689150462963 0.8021523171296296 0.6730205277777778 0.8038079467592593 0.6788856296296296 0.8021523171296296 0.6906158356481482 0.8013245023148149 0.6920821111111111
0 0.8385761597222222 0.8739002939814815 0.840231787037037 0.8958944282407407 0.8435430462962963 0.9002932546296297 0.8468543055555556 0.9002932546296297 0.8526490069444445 0.8900293263888889 0.8543046365740741 0.8944281527777778 0.8592715231481483 0.8944281527777778 0.8609271527777778 0.8900293263888889 0.8592715231481483 0.8372434027777778 0.8634105949074075 0.8255131967592592 0.8642384097222222 0.8137829907407408 0.8617549675925926 0.8035190624999999 0.8576158935185185 0.7961876828703703 0.8559602638888889 0.7829912013888889 0.8543046365740741 0.780058650462963 0.8485099328703704 0.780058650462963 0.8468543055555556 0.7976539583333333 0.8410596018518518 0.804985337962963 0.8394039745370371 0.8108504398148149 0.8418874166666667 0.8196480949074074 0.840231787037037 0.8401759537037037 0.8410596018518518 0.8489736064814815 0.8385761597222222 0.8739002939814815
0 0.8617549675925926 0.8387096782407407 0.8609271527777778 0.8812316712962963 0.8625827824074074 0.887096773148148 0.8658940393518518 0.887096773148148 0.8667218541666666 0.8826979467592593 0.8741721851851851 0.8695014652777778 0.8741721851851851 0.8533724328703703 0.875 0.8519061574074074 0.8741721851851851 0.834310849537037 0.875 0.8328445740740741 0.8758278148148149 0.8093841643518518 0.875 0.8079178888888889 0.875 0.7947214074074074 0.8725165555555555 0.7859237546296297 0.8692052986111111 0.7815249259259259 0.8667218541666666 0.7815249259259259 0.8658940393518518 0.778592375 0.8658940393518518 0.7829912013888889 0.8625827824074074 0.7888563055555556 0.8609271527777778 0.7991202337962963 0.8642384097222222 0.8108504398148149 0.8609271527777778 0.8372434027777778 0.8617549675925926 0.8387096782407407
0 0.8352649004629629 0.8812316712962963 0.8377483449074075 0.8812316712962963 0.8394039745370371 0.8695014652777778 0.8394039745370371 0.8475073310185186 0.8418874166666667 0.8255131967592592 0.8418874166666667 0.8167155416666667 0.840231787037037 0.8137829907407408 0.8418874166666667 0.8035190624999999 0.8451986759259259 0.7991202337962963 0.8468543055555556 0.7903225810185185 0.8468543055555556 0.777126099537037 0.8451986759259259 0.7741935486111111 0.8410596018518518 0.7741935486111111 0.8385761597222222 0.780058650462963 0.8369205300925926 0.7947214074074074 0.8327814560185186 0.8079178888888889 0.8336092708333334 0.8416422291666668 0.8319536435185185 0.859237537037037 0.8319536435185185 0.8739002939814815 0.8352649004629629 0.8812316712962963
0 0.8940397361111111 0.9281524930555556 0.8923841064814815 0.9310850439814815 0.8923841064814815 0.9604105578703703 0.8973509930555555 0.9648093842592593 0.8990066226851852 0.9604105578703703 0.8981788078703703 0.9545454537037037 0.9014900671296296 0.9398826990740742 0.9006622523148148 0.9369501458333334 0.9039735092592592 0.9281524930555556 0.9023178819444445 0.9237536666666666 0.9039735092592592 0.9120234606481482 0.9006622523148148 0.9076246342592592 0.9014900671296296 0.9032258055555556 0.8998344375 0.8929618773148148 0.9023178819444445 0.8914956018518518 0.909768212962963 0.8782991203703704 0.9105960254629629 0.8651026388888888 0.9064569537037037 0.859237537037037 0.9048013240740741 0.8533724328703703 0.9048013240740741 0.8445747800925927 0.9014900671296296 0.8387096782407407 0.8956953634259259 0.8387096782407407 0.8932119212962962 0.8431085046296296 0.8899006620370371 0.856304986111111 0.8890728472222222 0.8768328449074074 0.8923841064814815 0.8841642222222221 0.8965231782407408 0.9017595300925926 0.8940397361111111 0.9281524930555556
0 0.8667218541666666 0.9926686226851852 0.8675496689814814 0.9985337245370371 0.8865894050925925 0.9985337245370371 0.8948675486111112 0.8973607037037037 0.8923841064814815 0.8826979467592593 0.8882450324074074 0.8753665694444445 0.8882450324074074 0.8548387106481482 0.8799668865740741 0.8475073310185186 0.8766556296296296 0.8504398819444445 0.875 0.8548387106481482 0.875 0.8709677430555556 0.8650662245370371 0.8885630509259259 0.8642384097222222 0.9046920810185185 0.8683774837962963 0.9281524930555556 0.8692052986111111 0.9633431087962963 0.8667218541666666 0.9926686226851852
0 0.9139072847222223 0.9868035185185186 0.9155629143518519 0.9897360694444445 0.9155629143518519 0.9985337245370371 0.9329470208333334 0.9985337245370371 0.9321192060185185 0.9868035185185186 0.9337748333333334 0.9604105578703703 0.9370860925925926 0.9428152499999999 0.939569537037037 0.9384164212962963 0.9370860925925926 0.9325513194444445 0.9379139074074074 0.9061583587962964 0.9362582777777777 0.8958944282407407 0.9379139074074074 0.8929618773148148 0.9379139074074074 0.887096773148148 0.9346026481481481 0.8753665694444445 0.929635761574074 0.8709677430555556 0.924668875 0.8709677430555556 0.9221854305555555 0.8768328449074074 0.9221854305555555 0.887096773148148 0.920529800925926 0.8900293263888889 0.9180463564814815 0.9208211134259259 0.9180463564814815 0.9472140763888889 0.9163907291666666 0.9560117291666667 0.9172185439814814 0.973607037037037 0.9139072847222223 0.9868035185185186
0 0.9312913912037037 0.8196480949074074 0.9304635763888889 0.8401759537037037 0.9312913912037037 0.8445747800925927 0.935430462962963 0.8489736064814815 0.9403973518518519 0.8475073310185186 0.9437086087962963 0.8445747800925927 0.9461920532407407 0.8387096782407407 0.9445364236111111 0.8240469212962963 0.9470198680555555 0.8079178888888889 0.9445364236111111 0.7932551319444444 0.9461920532407407 0.7888563055555556 0.9420529791666666 0.7609970671296297 0.935430462962963 0.7434017592592593 0.9321192060185185 0.7390029328703703 0.9279801319444445 0.7390029328703703 0.9263245023148149 0.7419354837962963 0.9221854305555555 0.7683284467592593 0.9263245023148149 0.7859237546296297 0.9271523171296296 0.7991202337962963 0.9312913912037037 0.8196480949074074
0 0.9064569537037037 0.8577712615740741 0.9072847685185186 0.859237537037037 0.9130794699074074 0.8607038125 0.9139072847222223 0.8621700879629629 0.9172185439814814 0.8607038125 0.9230132453703703 0.8504398819444445 0.9230132453703703 0.8475073310185186 0.9263245023148149 0.835777125 0.9263245023148149 0.8255131967592592 0.9230132453703703 0.8167155416666667 0.9221854305555555 0.8064516134259259 0.9213576157407408 0.804985337962963 0.9213576157407408 0.7991202337962963 0.9180463564814815 0.7947214074074074 0.9147350995370371 0.7947214074074074 0.9114238402777778 0.8020527870370371 0.9114238402777778 0.8079178888888889 0.9105960254629629 0.8093841643518518 0.909768212962963 0.8167155416666667 0.9031456944444444 0.8284457476851851 0.9023178819444445 0.835777125 0.9048013240740741 0.8431085046296296 0.9048013240740741 0.8533724328703703 0.9064569537037037 0.8577712615740741
0 0.9114238402777778 0.7507331388888888 0.9130794699074074 0.7580645162037037 0.9163907291666666 0.7639296180555555 0.9180463564814815 0.7697947222222221 0.9221854305555555 0.7624633425925926 0.924668875 0.7536656898148147 0.924668875 0.7492668611111112 0.9254966898148148 0.7478005856481481 0.9254966898148148 0.7404692083333333 0.9180463564814815 0.722873900462963 0.9163907291666666 0.721407625 0.9139072847222223 0.721407625 0.9105960254629629 0.7258064513888889 0.9105960254629629 0.7434017592592593 0.909768212962963 0.7448680347222222 0.909768212962963 0.7478005856481481 0.9114238402777778 0.7507331388888888