0 0.5695364236111111 0.45454545370370375 0.5711920532407407 0.4912023449074074 0.5745033101851852 0.4868035185185185 0.5745033101851852 0.45894428240740737 0.5695364236111111 0.45454545370370375
0 0.15811258333333333 0.7258064513888889 0.14735099305555555 0.7067448680555556 0.1382450324074074 0.7302052777777779 0.1365894050925926 0.7419354837962963 0.14735099305555555 0.7419354837962963 0.15645695370370372 0.7331378310185186 0.15811258333333333 0.7258064513888889
0 0.17963576157407407 0.7331378310185186 0.17218543055555557 0.7096774189814815 0.16804635648148147 0.7067448680555556 0.16556291435185186 0.7126099699074074 0.16142384027777779 0.7316715532407407 0.17218543055555557 0.7478005856481481 0.17880794675925926 0.7448680347222222 0.17963576157407407 0.7331378310185186
0 0.13327814583333333 0.7419354837962963 0.13079470138888888 0.7140762453703703 0.125 0.7052785925925926 0.12003311342592592 0.7067448680555556 0.11423840972222223 0.7184750740740741 0.11506622453703705 0.7272727268518518 0.12417218518518519 0.7404692083333333 0.13327814583333333 0.7419354837962963
0 0.11341059490740742 0.7609970671296297 0.10761589351851851 0.7258064513888889 0.0869205300925926 0.7507331388888888 0.08278145601851852 0.7609970671296297 0.09271523148148147 0.7697947222222221 0.10761589351851851 0.7683284467592593 0.11341059490740742 0.7609970671296297
0 0.2375827824074074 0.6774193541666667 0.23923840972222224 0.6715542523148149 0.23261589351851852 0.643695013888889 0.22682119212962965 0.6304985347222222 0.22102649074074077 0.6319648101851852 0.22102649074074077 0.6524926689814814 0.22764900694444443 0.6598240462962963 0.23261589351851852 0.6759530787037037 0.2375827824074074 0.6774193541666667
0 0.24172185416666667 0.6422287384259259 0.2375827824074074 0.6202346041666666 0.22930463657407407 0.6231671550925926 0.23261589351851852 0.6700879768518518 0.2359271527777778 0.6788856296296296 0.24006622453703702 0.6788856296296296 0.24172185416666667 0.6422287384259259
0 0.28311258333333333 0.6158357777777779 0.28394039814814814 0.5953079189814815 0.27235099305555555 0.5879765393518519 0.26572847685185186 0.5762463333333333 0.26241721759259257 0.5762463333333333 0.25496688657407407 0.5923753657407408 0.25496688657407407 0.6026392962962963 0.26490066203703705 0.6158357777777779 0.27317880787037035 0.6085043981481482 0.28311258333333333 0.6158357777777779
0 0.24834437037037038 0.5689149560185185 0.24420529861111112 0.555718474537037 0.24006622453703702 0.5630498541666666 0.2384105949074074 0.5865102638888889 0.24089403935185186 0.5982404699074074 0.24586092824074074 0.5982404699074074 0.24834437037037038 0.5689149560185185
0 0.05711920601851852 0.6994134907407408 0.052980131944444446 0.7023460416666667 0.05215231712962963 0.7404692083333333 0.057947020833333335 0.7565982407407407 0.06705297916666667 0.719941349537037 0.05711920601851852 0.6994134907407408
0 0.31374172222222224 0.5498533726851852 0.31125827777777776 0.55718475 0.31291390740740743 0.5879765393518519 0.33029801388888885 0.5850439884259259 0.3203642384259259 0.5498533726851852 0.31374172222222224 0.5498533726851852
0 0.6125827824074074 0.5249266851851851 0.6067880787037038 0.5307917893518519 0.6084437083333334 0.5645161296296296 0.6158940393518518 0.577712611111111 0.6167218541666666 0.5322580648148149 0.6125827824074074 0.5249266851851851
0 0.5844370856481481 0.48240469212962966 0.585264900462963 0.5205278587962963 0.590231787037037 0.5043988263888889 0.590231787037037 0.4897360694444444 0.5844370856481481 0.48240469212962966
0 0.6092715231481483 0.5043988263888889 0.6067880787037038 0.4897360694444444 0.6018211921296297 0.48826979398148146 0.6001655625 0.4956011736111111 0.5993377476851852 0.5249266851851851 0.6026490069444445 0.5425219930555556 0.6092715231481483 0.5190615833333333 0.6092715231481483 0.5043988263888889
0 0.6059602638888889 0.4912023449074074 0.6018211921296297 0.48533724305555553 0.5968543055555556 0.49413489814814815 0.5976821180555555 0.5205278587962963 0.6026490069444445 0.5366568912037037 0.6067880787037038 0.5219941342592592 0.6059602638888889 0.4912023449074074
0 0.6092715231481483 0.4809384166666667 0.6109271527777778 0.5161290324074074 0.6134105949074075 0.5161290324074074 0.6167218541666666 0.4912023449074074 0.6092715231481483 0.4809384166666667
0 0.5985099328703704 0.4809384166666667 0.5943708611111111 0.4838709675925926 0.5927152314814814 0.5043988263888889 0.5985099328703704 0.5190615833333333 0.6001655625 0.48533724305555553 0.5985099328703704 0.4809384166666667
0 0.6514900671296296 0.580645162037037 0.6473509930555555 0.5645161296296296 0.6432119212962962 0.5703812314814815 0.6415562916666666 0.6275659814814815 0.6473509930555555 0.636363636574074 0.6498344375 0.6334310856481481 0.6514900671296296 0.580645162037037
0 0.6961920532407407 0.6231671550925926 0.6903973518518519 0.6070381226851852 0.6862582777777777 0.6055718472222222 0.6829470208333334 0.6085043981481482 0.6804635763888889 0.6260997060185185 0.6771523171296296 0.6876832847222223 0.6920529791666666 0.6935483865740741 0.6961920532407407 0.665689150462963 0.6961920532407407 0.6231671550925926
0 0.7293046365740741 0.7052785925925926 0.7301324513888888 0.6715542523148149 0.7243377476851852 0.6524926689814814 0.7193708611111111 0.6539589444444445 0.7144039745370371 0.6818181828703703 0.7160596018518518 0.7287390023148148 0.7201986759259259 0.7419354837962963 0.7243377476851852 0.7375366574074074 0.7293046365740741 0.7052785925925926
0 0.7566225162037037 0.6935483865740741 0.7599337754629629 0.6788856296296296 0.7632450324074074 0.6774193541666667 0.7632450324074074 0.6598240462962963 0.7582781458333334 0.643695013888889 0.7508278148148149 0.6466275671296297 0.7475165555555555 0.6539589444444445 0.7483443703703704 0.664222875 0.7425496689814814 0.6730205277777778 0.7425496689814814 0.7126099699074074 0.7466887407407408 0.7126099699074074 0.75 0.6979472129629629 0.7566225162037037 0.6935483865740741
0 0.8534768217592592 0.8914956018518518 0.8600993379629629 0.8944281527777778 0.8609271527777778 0.8460410555555555 0.8650662245370371 0.8196480949074074 0.8534768217592592 0.778592375 0.8485099328703704 0.778592375 0.8427152314814814 0.804985337962963 0.8427152314814814 0.834310849537037 0.8385761597222222 0.8607038125 0.8385761597222222 0.887096773148148 0.8427152314814814 0.8988269791666667 0.8468543055555556 0.9002932546296297 0.8534768217592592 0.8914956018518518
0 0.9139072847222223 0.8973607037037037 0.9048013240740741 0.8797653958333334 0.9048013240740741 0.8695014652777778 0.8981788078703703 0.8651026388888888 0.8940397361111111 0.8680351898148148 0.8907284768518517 0.8841642222222221 0.8832781458333334 0.8973607037037037 0.8841059606481482 0.9985337245370371 0.9048013240740741 0.9985337245370371 0.9147350995370371 0.9178885625 0.9139072847222223 0.8973607037037037
0 0.9420529791666666 0.8753665694444445 0.9428087199074073 0.8566259606481481 0.920529800925926 0.8973607037037037 0.9213576157407408 0.9369501458333334 0.9147350995370371 0.941348974537037 0.9114238402777778 0.9545454537037037 0.9105960254629629 0.9809384166666667 0.9321192060185185 0.9985337245370371 0.945364238425926 0.9985337245370371 0.9445364236111111 0.9428152499999999 0.9511589398148148 0.9002932546296297 0.9420529791666666 0.8753665694444445
0 0.9528145694444445 0.856304986111111 0.9470198680555555 0.8460410555555555 0.9412251666666666 0.8519061574074074 0.9437086087962963 0.8826979467592593 0.9561258287037037 0.8973607037037037 0.9577814560185186 0.8797653958333334 0.9528145694444445 0.856304986111111
0 0.9056291388888889 0.8475073310185186 0.9081125833333333 0.8607038125 0.9180463564814815 0.8665689143518519 0.920529800925926 0.8225806458333333 0.9147350995370371 0.7932551319444444 0.9105960254629629 0.7961876828703703 0.9056291388888889 0.8196480949074074 0.8973509930555555 0.8269794722222222 0.8973509930555555 0.8372434027777778 0.9056291388888889 0.8475073310185186
0 0.9461920532407407 0.8108504398148149 0.9519867546296297 0.7624633425925926 0.9445364236111111 0.7346041064814814 0.9387417222222223 0.7346041064814814 0.924668875 0.7580645162037037 0.9230132453703703 0.8387096782407407 0.935430462962963 0.8460410555555555 0.9486754976851851 0.834310849537037 0.9461920532407407 0.8108504398148149
0 0.9321192060185185 0.719941349537037 0.9263245023148149 0.7184750740740741 0.9163907291666666 0.7375366574074074 0.9147350995370371 0.7507331388888888 0.9213576157407408 0.7595307916666667 0.9337748333333334 0.7434017592592593 0.9321192060185185 0.719941349537037