0 0.12417218518518519 0.7727272731481482 0.12665562962962962 0.7829912013888889 0.13245033101851852 0.7565982407407407 0.12831125925925926 0.7184750740740741 0.11920529861111112 0.6964809375000001 0.11423840972222223 0.6994134907407408 0.1125827824074074 0.7096774189814815 0.11009933796296296 0.7287390023148148 0.1117549675925926 0.7521994143518519 0.11589403935185186 0.7727272731481482 0.12417218518518519 0.7727272731481482
0 0.17798013194444445 0.7316715532407407 0.17218543055555557 0.7111436944444444 0.16639072916666667 0.7096774189814815 0.1639072847222222 0.7155425231481481 0.1622516550925926 0.7302052777777779 0.17135761574074074 0.7478005856481481 0.17715231712962964 0.7478005856481481 0.17798013194444445 0.7316715532407407
0 0.1490066226851852 0.7492668611111112 0.15811258333333333 0.7302052777777779 0.1498344375 0.7082111435185184 0.1432119212962963 0.7096774189814815 0.1390728472222222 0.7258064513888889 0.1390728472222222 0.7404692083333333 0.14238410648148148 0.7478005856481481 0.1490066226851852 0.7492668611111112
0 0.1382450324074074 0.7243401759259259 0.13410596064814814 0.7170087986111111 0.13079470138888888 0.719941349537037 0.1316225162037037 0.7448680347222222 0.1365894050925926 0.7536656898148147 0.1390728472222222 0.7478005856481481 0.1382450324074074 0.7243401759259259
0 0.09850993287037037 0.719941349537037 0.09768211805555556 0.7404692083333333 0.10844370833333333 0.7448680347222222 0.10927152314814814 0.7302052777777779 0.09850993287037037 0.719941349537037
0 0.22847682175925926 0.6612903217592593 0.21440397453703705 0.6451612893518518 0.20860927083333333 0.643695013888889 0.1995033101851852 0.6524926689814814 0.20364238425925926 0.6803519050925926 0.21854304629629628 0.6759530787037037 0.22930463657407407 0.6803519050925926 0.22847682175925926 0.6612903217592593
0 0.23923840972222224 0.6759530787037037 0.2375827824074074 0.643695013888889 0.23261589351851852 0.6304985347222222 0.23427152314814814 0.6260997060185185 0.22930463657407407 0.6260997060185185 0.22102649074074077 0.6422287384259259 0.22185430555555555 0.6539589444444445 0.22930463657407407 0.6627565972222222 0.23178807870370371 0.6759530787037037 0.23923840972222224 0.6759530787037037
0 0.24254966898148148 0.6539589444444445 0.23923840972222224 0.6099706736111111 0.23427152314814814 0.5938416412037036 0.2301324513888889 0.5953079189814815 0.2251655625 0.612903226851852 0.2259933773148148 0.6319648101851852 0.23344370833333336 0.6392961875 0.2375827824074074 0.6554252199074073 0.24254966898148148 0.6539589444444445
0 0.27649006712962965 0.6085043981481482 0.2822847685185185 0.6173020532407407 0.28476821296296295 0.5953079189814815 0.27731788194444446 0.5879765393518519 0.2682119212962963 0.5879765393518519 0.2632450324074074 0.577712611111111 0.2591059606481481 0.5909090902777778 0.26241721759259257 0.6114369490740741 0.26490066203703705 0.6158357777777779 0.27649006712962965 0.6085043981481482
0 0.31788079398148145 0.5498533726851852 0.31374172222222224 0.5513196481481482 0.31291390740740743 0.5865102638888889 0.3311258287037037 0.5850439884259259 0.3269867546296296 0.5659824050925926 0.31788079398148145 0.5498533726851852
0 0.4172185439814815 0.4281524930555555 0.414735099537037 0.43108504398148145 0.4163907291666667 0.43841642129629627 0.424668875 0.43841642129629627 0.4172185439814815 0.4281524930555555
0 0.4296357615740741 0.41202346064814815 0.43377483333333333 0.41202346064814815 0.43211920601851855 0.40762463425925927 0.4296357615740741 0.41202346064814815
0 0.5289735092592592 0.3885630509259259 0.5281456944444445 0.4002932546296296 0.5306291388888889 0.4017595300925926 0.5322847685185186 0.39296187731481486 0.5289735092592592 0.3885630509259259
0 0.560430462962963 0.4017595300925926 0.5587748333333333 0.42521994212962966 0.5612582777777777 0.4296187685185185 0.5637417222222223 0.4105571851851852 0.560430462962963 0.4017595300925926
0 0.5711920532407407 0.4780058657407408 0.5736754976851851 0.4516129027777778 0.5687086087962963 0.44868035185185184 0.5678807939814815 0.4618768333333333 0.5720198680555556 0.4677419351851852 0.5687086087962963 0.4750733148148148 0.5711920532407407 0.4780058657407408
0 0.5778145694444444 0.4266862175925926 0.5761589398148148 0.4296187685185185 0.575331125 0.4516129027777778 0.5786423842592593 0.4530791782407408 0.5794701990740742 0.4340175949074074 0.5778145694444444 0.4266862175925926
0 0.5836092708333334 0.4266862175925926 0.5827814560185185 0.4457478009259259 0.585264900462963 0.45454545370370375 0.5869205300925926 0.4281524930555555 0.5836092708333334 0.4266862175925926
0 0.5885761597222222 0.46627565972222224 0.589403974537037 0.4677419351851852 0.589403974537037 0.4706744861111111 0.5885761597222222 0.4721407615740741 0.5885761597222222 0.47947214120370374 0.589403974537037 0.47947214120370374 0.5910596018518519 0.48240469212962966 0.5943708611111111 0.4750733148148148 0.5943708611111111 0.45894428240740737 0.5935430462962963 0.4574780069444444 0.5935430462962963 0.4530791782407408 0.5918874166666667 0.44868035185185184 0.5885761597222222 0.45014662731481486 0.5877483449074075 0.4516129027777778 0.5877483449074075 0.45894428240740737 0.5885761597222222 0.46041055787037033 0.5885761597222222 0.46627565972222224
0 0.5960264907407408 0.4765395902777778 0.5960264907407408 0.47947214120370374 0.5968543055555556 0.47947214120370374 0.5985099328703704 0.48240469212962966 0.5985099328703704 0.4838709675925926 0.6026490069444445 0.47360703703703705 0.6018211921296297 0.4706744861111111 0.6026490069444445 0.4677419351851852 0.6026490069444445 0.45894428240740737 0.5985099328703704 0.45894428240740737 0.5960264907407408 0.4648093842592593 0.5960264907407408 0.4706744861111111 0.5951986759259259 0.4721407615740741 0.5951986759259259 0.4750733148148148 0.5960264907407408 0.4765395902777778
0 0.6001655625 0.4809384166666667 0.6009933773148148 0.48240469212962966 0.6009933773148148 0.48826979398148146 0.6026490069444445 0.4912023449074074 0.6043046365740741 0.4912023449074074 0.6051324513888888 0.4926686226851852 0.6084437083333334 0.48826979398148146 0.6084437083333334 0.4868035185185185 0.6067880787037038 0.48533724305555553 0.6076158935185185 0.4721407615740741 0.6076158935185185 0.4677419351851852 0.6067880787037038 0.46627565972222224 0.6067880787037038 0.45894428240740737 0.6059602638888889 0.4574780069444444 0.6026490069444445 0.4574780069444444 0.6001655625 0.4618768333333333 0.6001655625 0.4677419351851852 0.5993377476851852 0.46920821064814816 0.6001655625 0.4706744861111111 0.6001655625 0.4809384166666667
0 0.5844370856481481 0.5073313773148148 0.5844370856481481 0.5190615833333333 0.585264900462963 0.5219941342592592 0.5869205300925926 0.5234604097222222 0.5918874166666667 0.5234604097222222 0.5927152314814814 0.5219941342592592 0.5927152314814814 0.5175953078703703 0.5918874166666667 0.5161290324074074 0.5918874166666667 0.5058651018518519 0.5927152314814814 0.5043988263888889 0.5927152314814814 0.4956011736111111 0.5918874166666667 0.49413489814814815 0.5918874166666667 0.4897360694444444 0.5885761597222222 0.48240469212962966 0.585264900462963 0.4838709675925926 0.5836092708333334 0.48826979398148146 0.5827814560185185 0.4956011736111111 0.5836092708333334 0.4970674490740741 0.5836092708333334 0.5058651018518519 0.5844370856481481 0.5073313773148148
0 0.5927152314814814 0.5073313773148148 0.5927152314814814 0.5131964814814816 0.5935430462962963 0.5146627569444445 0.5935430462962963 0.5175953078703703 0.5951986759259259 0.5175953078703703 0.5976821180555555 0.5146627569444445 0.5968543055555556 0.5117302060185186 0.5993377476851852 0.5073313773148148 0.5993377476851852 0.501466275462963 0.6009933773148148 0.4970674490740741 0.6009933773148148 0.49413489814814815 0.6001655625 0.4926686226851852 0.6001655625 0.48240469212962966 0.5993377476851852 0.4809384166666667 0.5993377476851852 0.47360703703703705 0.5985099328703704 0.4706744861111111 0.5951986759259259 0.47360703703703705 0.5951986759259259 0.4765395902777778 0.5943708611111111 0.4780058657407408 0.5943708611111111 0.4838709675925926 0.5935430462962963 0.48533724305555553 0.5935430462962963 0.49853372453703704 0.5918874166666667 0.5029325509259259 0.5918874166666667 0.5058651018518519 0.5927152314814814 0.5073313773148148
0 0.6026490069444445 0.5205278587962963 0.6026490069444445 0.526392962962963 0.6034768217592592 0.527859238425926 0.6034768217592592 0.5322580648148149 0.6051324513888888 0.5381231666666667 0.6051324513888888 0.5469208217592593 0.6059602638888889 0.5483870972222222 0.6059602638888889 0.5513196481481482 0.6051324513888888 0.5527859236111111 0.6059602638888889 0.5542521990740741 0.6084437083333334 0.5542521990740741 0.6092715231481483 0.5527859236111111 0.6092715231481483 0.5439882708333333 0.6100993379629629 0.5425219930555556 0.6092715231481483 0.5410557175925926 0.6092715231481483 0.5366568912037037 0.6109271527777778 0.5322580648148149 0.6109271527777778 0.5293255138888889 0.6100993379629629 0.527859238425926 0.6100993379629629 0.5234604097222222 0.6109271527777778 0.5205278587962963 0.6100993379629629 0.5190615833333333 0.6100993379629629 0.5117302060185186 0.6092715231481483 0.5087976550925926 0.6076158935185185 0.5058651018518519 0.6059602638888889 0.5058651018518519 0.6051324513888888 0.5073313773148148 0.6051324513888888 0.5102639305555555 0.6043046365740741 0.5117302060185186 0.6043046365740741 0.5146627569444445 0.6026490069444445 0.5205278587962963
0 0.6059602638888889 0.5395894421296297 0.6076158935185185 0.5425219930555556 0.6076158935185185 0.5513196481481482 0.6084437083333334 0.5527859236111111 0.6084437083333334 0.55718475 0.6100993379629629 0.5601173009259259 0.6092715231481483 0.5689149560185185 0.6134105949074075 0.5689149560185185 0.6134105949074075 0.5659824050925926 0.6142384097222222 0.5645161296296296 0.6142384097222222 0.558651025462963 0.6150662245370371 0.55718475 0.6142384097222222 0.5542521990740741 0.6142384097222222 0.5513196481481482 0.6150662245370371 0.5498533726851852 0.6142384097222222 0.5483870972222222 0.6142384097222222 0.5454545462962963 0.6150662245370371 0.5439882708333333 0.6158940393518518 0.5366568912037037 0.6158940393518518 0.5205278587962963 0.6142384097222222 0.5161290324074074 0.6142384097222222 0.5102639305555555 0.6109271527777778 0.5102639305555555 0.6100993379629629 0.5131964814814816 0.6092715231481483 0.5249266851851851 0.6076158935185185 0.5307917893518519 0.6059602638888889 0.5337243402777778 0.6059602638888889 0.5395894421296297
0 0.6158940393518518 0.5087976550925926 0.6150662245370371 0.5175953078703703 0.6158940393518518 0.5190615833333333 0.6158940393518518 0.5293255138888889 0.6208609282407408 0.5293255138888889 0.6216887407407408 0.527859238425926 0.6225165555555555 0.5190615833333333 0.6233443703703704 0.5175953078703703 0.6233443703703704 0.5131964814814816 0.6241721851851851 0.5117302060185186 0.6241721851851851 0.5 0.6233443703703704 0.49853372453703704 0.6233443703703704 0.49413489814814815 0.6216887407407408 0.4912023449074074 0.6216887407407408 0.48826979398148146 0.6200331134259259 0.48240469212962966 0.6183774837962963 0.48240469212962966 0.6158940393518518 0.4868035185185185 0.6158940393518518 0.4926686226851852 0.6150662245370371 0.49413489814814815 0.6150662245370371 0.5073313773148148 0.6158940393518518 0.5087976550925926
0 0.6365894050925925 0.5322580648148149 0.6399006620370371 0.5337243402777778 0.6415562916666666 0.5322580648148149 0.6423841064814815 0.5293255138888889 0.6423841064814815 0.5249266851851851 0.6415562916666666 0.5234604097222222 0.6415562916666666 0.49853372453703704 0.6399006620370371 0.4926686226851852 0.6365894050925925 0.5 0.6357615902777778 0.5029325509259259 0.6357615902777778 0.527859238425926 0.6365894050925925 0.5293255138888889 0.6365894050925925 0.5322580648148149
0 0.6448675486111112 0.5337243402777778 0.6465231782407408 0.5322580648148149 0.6456953634259259 0.5293255138888889 0.6473509930555555 0.526392962962963 0.6473509930555555 0.5234604097222222 0.6490066226851852 0.5175953078703703 0.6490066226851852 0.5102639305555555 0.6498344375 0.5087976550925926 0.6498344375 0.5043988263888889 0.6490066226851852 0.5029325509259259 0.6490066226851852 0.4956011736111111 0.6481788078703703 0.49413489814814815 0.6481788078703703 0.4897360694444444 0.6473509930555555 0.48826979398148146 0.6456953634259259 0.48826979398148146 0.6456953634259259 0.4897360694444444 0.6440397361111111 0.4926686226851852 0.6432119212962962 0.4926686226851852 0.6423841064814815 0.49853372453703704 0.6415562916666666 0.5 0.6415562916666666 0.5029325509259259 0.6407284768518517 0.5043988263888889 0.6415562916666666 0.5190615833333333 0.6399006620370371 0.5322580648148149 0.6415562916666666 0.5337243402777778 0.6448675486111112 0.5337243402777778
0 0.6490066226851852 0.5293255138888889 0.6490066226851852 0.5307917893518519 0.6473509930555555 0.5322580648148149 0.6481788078703703 0.5322580648148149 0.6506622523148148 0.5381231666666667 0.6548013240740741 0.5395894421296297 0.6548013240740741 0.5322580648148149 0.6572847685185186 0.5293255138888889 0.6581125833333333 0.526392962962963 0.6581125833333333 0.5146627569444445 0.6589403981481482 0.5131964814814816 0.6589403981481482 0.5073313773148148 0.659768212962963 0.5058651018518519 0.659768212962963 0.5043988263888889 0.6581125833333333 0.501466275462963 0.6548013240740741 0.49853372453703704 0.6581125833333333 0.49413489814814815 0.6572847685185186 0.49413489814814815 0.6539735092592592 0.49853372453703704 0.6539735092592592 0.5029325509259259 0.6531456944444444 0.5029325509259259 0.6514900671296296 0.5073313773148148 0.6514900671296296 0.5190615833333333 0.6523178819444445 0.5205278587962963 0.6523178819444445 0.5234604097222222 0.6490066226851852 0.5293255138888889
0 0.6399006620370371 0.4912023449074074 0.6407284768518517 0.4912023449074074 0.6423841064814815 0.49413489814814815 0.6440397361111111 0.49413489814814815 0.6473509930555555 0.4897360694444444 0.6473509930555555 0.47947214120370374 0.6481788078703703 0.4765395902777778 0.6448675486111112 0.4648093842592593 0.6432119212962962 0.4618768333333333 0.6423841064814815 0.46334310879629625 0.6399006620370371 0.46334310879629625 0.6390728472222222 0.46627565972222224 0.6390728472222222 0.4750733148148148 0.6399006620370371 0.4765395902777778 0.6399006620370371 0.4912023449074074
0 0.6274834444444445 0.4809384166666667 0.6283112592592592 0.4912023449074074 0.6299668865740741 0.4956011736111111 0.6299668865740741 0.501466275462963 0.6365894050925925 0.501466275462963 0.6390728472222222 0.4926686226851852 0.6390728472222222 0.4868035185185185 0.6382450324074074 0.48533724305555553 0.6382450324074074 0.47360703703703705 0.6365894050925925 0.46920821064814816 0.6365894050925925 0.46627565972222224 0.6332781458333334 0.4618768333333333 0.6299668865740741 0.4648093842592593 0.6274834444444445 0.46920821064814816 0.6274834444444445 0.4750733148148148 0.6266556296296296 0.4765395902777778 0.6266556296296296 0.47947214120370374 0.6274834444444445 0.4809384166666667
0 0.6208609282407408 0.48533724305555553 0.6208609282407408 0.4897360694444444 0.6225165555555555 0.4956011736111111 0.625 0.4956011736111111 0.625 0.49413489814814815 0.6266556296296296 0.4912023449074074 0.6266556296296296 0.48533724305555553 0.6258278148148149 0.4838709675925926 0.6258278148148149 0.4809384166666667 0.6266556296296296 0.47947214120370374 0.6266556296296296 0.46920821064814816 0.6241721851851851 0.46627565972222224 0.6225165555555555 0.46627565972222224 0.6208609282407408 0.4706744861111111 0.6208609282407408 0.47360703703703705 0.6200331134259259 0.4750733148148148 0.6200331134259259 0.4838709675925926 0.6208609282407408 0.48533724305555553
0 0.6407284768518517 0.5938416412037036 0.6407284768518517 0.5997067453703703 0.6415562916666666 0.6011730208333333 0.6415562916666666 0.6202346041666666 0.6423841064814815 0.6217008796296296 0.6423841064814815 0.6246334305555555 0.6440397361111111 0.6275659814814815 0.6456953634259259 0.6260997060185185 0.6456953634259259 0.612903226851852 0.6473509930555555 0.6070381226851852 0.6481788078703703 0.5967741944444444 0.6498344375 0.5923753657407408 0.6498344375 0.5850439884259259 0.6481788078703703 0.580645162037037 0.6481788078703703 0.5645161296296296 0.6473509930555555 0.5615835787037037 0.6448675486111112 0.5615835787037037 0.6432119212962962 0.5645161296296296 0.6432119212962962 0.5674486805555555 0.6407284768518517 0.577712611111111 0.6407284768518517 0.5879765393518519 0.6399006620370371 0.5894428148148149 0.6399006620370371 0.5923753657407408 0.6407284768518517 0.5938416412037036
0 0.6506622523148148 0.6290322569444444 0.6605960254629629 0.6275659814814815 0.6622516550925925 0.6246334305555555 0.6622516550925925 0.6202346041666666 0.6630794699074074 0.6187683287037037 0.6622516550925925 0.6173020532407407 0.6622516550925925 0.612903226851852 0.6630794699074074 0.6114369490740741 0.6639072847222223 0.579178886574074 0.6647350995370371 0.577712611111111 0.6647350995370371 0.5703812314814815 0.6614238402777778 0.555718474537037 0.6572847685185186 0.555718474537037 0.6572847685185186 0.5645161296296296 0.6556291388888889 0.5703812314814815 0.6556291388888889 0.5747800578703703 0.6539735092592592 0.577712611111111 0.6539735092592592 0.5821114374999999 0.6531456944444444 0.5835777129629629 0.6531456944444444 0.6066715532407407 0.6523178819444445 0.6202346041666666 0.6506622523148148 0.6246334305555555 0.6506622523148148 0.6290322569444444
0 0.6630794699074074 0.643695013888889 0.6630794699074074 0.6495601180555555 0.6647350995370371 0.6539589444444445 0.6647350995370371 0.6627565972222222 0.6663907291666666 0.6671554259259259 0.6688741712962963 0.6715542523148149 0.674668875 0.6744868032407408 0.6754966898148148 0.6730205277777778 0.6763245023148149 0.6466275671296297 0.6788079467592593 0.636363636574074 0.6779801319444445 0.6348973611111112 0.6779801319444445 0.6173020532407407 0.6771523171296296 0.6158357777777779 0.6771523171296296 0.6070381226851852 0.6754966898148148 0.6011730208333333 0.6754966898148148 0.5953079189814815 0.674668875 0.5938416412037036 0.6713576157407408 0.5938416412037036 0.6663907291666666 0.6070381226851852 0.6672185439814814 0.6143695023148148 0.6663907291666666 0.6158357777777779 0.6655629143518519 0.6304985347222222 0.6630794699074074 0.643695013888889
0 0.6804635763888889 0.6304985347222222 0.6804635763888889 0.6422287384259259 0.6812913912037037 0.643695013888889 0.6812913912037037 0.6510263935185185 0.6821192060185185 0.6524926689814814 0.6812913912037037 0.6583577708333332 0.6821192060185185 0.6598240462962963 0.6829470208333334 0.6744868032407408 0.6846026481481481 0.6774193541666667 0.6862582777777777 0.6774193541666667 0.6879139074074074 0.6759530787037037 0.6887417222222223 0.6730205277777778 0.6887417222222223 0.664222875 0.689569537037037 0.6627565972222222 0.6903973518518519 0.6524926689814814 0.6920529791666666 0.6480938425925926 0.6920529791666666 0.640762462962963 0.6912251666666666 0.6392961875 0.6928807939814815 0.6143695023148148 0.689569537037037 0.6070381226851852 0.689569537037037 0.6041055717592593 0.6879139074074074 0.5997067453703703 0.685430462962963 0.5982404699074074 0.6837748333333334 0.6011730208333333 0.6829470208333334 0.6099706736111111 0.679635761574074 0.6143695023148148 0.679635761574074 0.6290322569444444 0.6804635763888889 0.6304985347222222
0 0.7011589398148148 0.665689150462963 0.7028145694444445 0.6730205277777778 0.7052980138888889 0.6788856296296296 0.7069536435185185 0.6803519050925926 0.7102649004629629 0.6803519050925926 0.7135761597222222 0.6774193541666667 0.7135761597222222 0.6744868032407408 0.7144039745370371 0.6730205277777778 0.7144039745370371 0.6612903217592593 0.7135761597222222 0.6598240462962963 0.7144039745370371 0.636363636574074 0.7135761597222222 0.6348973611111112 0.7135761597222222 0.6260997060185185 0.7102649004629629 0.6158357777777779 0.7094370856481481 0.6085043981481482 0.7069536435185185 0.6055718472222222 0.7052980138888889 0.6055718472222222 0.7036423842592592 0.6085043981481482 0.7019867546296297 0.6173020532407407 0.6995033101851852 0.6217008796296296 0.6986754976851851 0.6246334305555555 0.6986754976851851 0.6466275671296297 0.700331125 0.6510263935185185 0.7011589398148148 0.665689150462963
0 0.75 0.6246334305555555 0.75 0.6290322569444444 0.7508278148148149 0.6304985347222222 0.7516556296296296 0.6378299120370371 0.7533112592592592 0.640762462962963 0.7549668865740741 0.640762462962963 0.7582781458333334 0.6378299120370371 0.7607615902777778 0.6334310856481481 0.7607615902777778 0.6290322569444444 0.7624172175925926 0.6260997060185185 0.7607615902777778 0.6231671550925926 0.7607615902777778 0.6187683287037037 0.7599337754629629 0.6173020532407407 0.7591059606481482 0.6085043981481482 0.7582781458333334 0.6085043981481482 0.7549668865740741 0.6026392962962963 0.7533112592592592 0.6011730208333333 0.7508278148148149 0.6011730208333333 0.7475165555555555 0.6055718472222222 0.7466887407407408 0.6099706736111111 0.7491721851851851 0.6158357777777779 0.7491721851851851 0.6231671550925926 0.75 0.6246334305555555
0 0.7384105949074075 0.6495601180555555 0.7375827824074074 0.6539589444444445 0.7384105949074075 0.6554252199074073 0.7384105949074075 0.665689150462963 0.7367549675925926 0.6671554259259259 0.7350993379629629 0.664222875 0.7334437083333334 0.664222875 0.7309602638888889 0.6671554259259259 0.7293046365740741 0.6774193541666667 0.7301324513888888 0.6920821111111111 0.7342715231481483 0.6935483865740741 0.7375827824074074 0.6862170092592592 0.7408940393518518 0.6832844583333333 0.7417218541666666 0.6730205277777778 0.7442052986111111 0.668621701388889 0.7491721851851851 0.664222875 0.75 0.6598240462962963 0.75 0.6524926689814814 0.7516556296296296 0.6466275671296297 0.7516556296296296 0.6422287384259259 0.7491721851851851 0.6260997060185185 0.75 0.6217008796296296 0.7491721851851851 0.6114369490740741 0.7475165555555555 0.6099706736111111 0.7433774837962963 0.6114369490740741 0.7375827824074074 0.6304985347222222 0.7326158935185185 0.6348973611111112 0.7334437083333334 0.6480938425925926 0.7342715231481483 0.6495601180555555 0.7367549675925926 0.6480938425925926 0.7384105949074075 0.6495601180555555
0 0.7400662245370371 0.695014662037037 0.7417218541666666 0.6979472129629629 0.7408940393518518 0.7111436944444444 0.7417218541666666 0.7126099699074074 0.7475165555555555 0.7126099699074074 0.7591059606481482 0.6906158356481482 0.7665562916666666 0.6847507337962964 0.7665562916666666 0.6671554259259259 0.7682119212962962 0.664222875 0.7682119212962962 0.6612903217592593 0.7698675486111112 0.6568914953703704 0.7690397361111111 0.6480938425925926 0.7615894050925925 0.636363636574074 0.7566225162037037 0.6392961875 0.7508278148148149 0.6495601180555555 0.7508278148148149 0.6539589444444445 0.7491721851851851 0.6612903217592593 0.7433774837962963 0.6700879768518518 0.7408940393518518 0.6803519050925926 0.7417218541666666 0.6847507337962964 0.7408940393518518 0.6876832847222223 0.7417218541666666 0.6920821111111111 0.7400662245370371 0.695014662037037
0 0.7930463564814815 0.6920821111111111 0.7938741712962963 0.695014662037037 0.7938741712962963 0.6994134907407408 0.7947019861111111 0.7023460416666667 0.8013245023148149 0.7140762453703703 0.8038079467592593 0.7155425231481481 0.8054635763888889 0.7096774189814815 0.8054635763888889 0.7023460416666667 0.8062913912037037 0.7008797662037037 0.8071192060185185 0.6935483865740741 0.8071192060185185 0.6832844583333333 0.8079470208333334 0.6818181828703703 0.8071192060185185 0.6598240462962963 0.804635761574074 0.6554252199074073 0.804635761574074 0.6539589444444445 0.8029801319444445 0.6524926689814814 0.8021523171296296 0.6539589444444445 0.8004966898148148 0.6539589444444445 0.7963576157407408 0.6612903217592593 0.7963576157407408 0.664222875 0.795529800925926 0.665689150462963 0.7947019861111111 0.6832844583333333 0.7938741712962963 0.6847507337962964 0.7947019861111111 0.6891495601851851 0.7930463564814815 0.6920821111111111
0 0.810430462962963 0.6862170092592592 0.8087748333333334 0.6891495601851851 0.8087748333333334 0.6964809375000001 0.8096026481481481 0.6979472129629629 0.8087748333333334 0.7038123171296297 0.8112582777777777 0.7082111435185184 0.8220198680555555 0.7082111435185184 0.8220198680555555 0.7052785925925926 0.8228476828703704 0.7038123171296297 0.8228476828703704 0.6906158356481482 0.8236754976851851 0.6891495601851851 0.8228476828703704 0.6876832847222223 0.8220198680555555 0.6774193541666667 0.8178807939814815 0.6627565972222222 0.814569537037037 0.6568914953703704 0.8129139074074074 0.6568914953703704 0.8096026481481481 0.6671554259259259 0.810430462962963 0.6759530787037037 0.8112582777777777 0.6774193541666667 0.8096026481481481 0.6803519050925926 0.810430462962963 0.6862170092592592
0 0.8211920532407407 0.6788856296296296 0.8211920532407407 0.6818181828703703 0.8195364236111111 0.6847507337962964 0.8195364236111111 0.6862170092592592 0.820364238425926 0.6862170092592592 0.8220198680555555 0.6891495601851851 0.8220198680555555 0.7052785925925926 0.8236754976851851 0.7082111435185184 0.8236754976851851 0.7096774189814815 0.8261589398148148 0.7126099699074074 0.8319536435185185 0.7126099699074074 0.8302980138888889 0.7067448680555556 0.8302980138888889 0.7038123171296297 0.8311258287037037 0.7023460416666667 0.8311258287037037 0.6730205277777778 0.8319536435185185 0.6715542523148149 0.8311258287037037 0.6539589444444445 0.8278145694444445 0.6466275671296297 0.8245033101851852 0.6480938425925926 0.8228476828703704 0.6554252199074073 0.8195364236111111 0.6612903217592593 0.8195364236111111 0.6744868032407408 0.8211920532407407 0.6788856296296296
0 0.7872516550925925 0.6847507337962964 0.7897350995370371 0.6935483865740741 0.7930463564814815 0.6920821111111111 0.7930463564814815 0.6876832847222223 0.7938741712962963 0.6862170092592592 0.7947019861111111 0.6759530787037037 0.795529800925926 0.6744868032407408 0.795529800925926 0.6700879768518518 0.7963576157407408 0.668621701388889 0.7963576157407408 0.6627565972222222 0.7971854305555555 0.6612903217592593 0.7971854305555555 0.6539589444444445 0.7930463564814815 0.6480938425925926 0.7880794699074074 0.6568914953703704 0.7872516550925925 0.6612903217592593 0.7855960254629629 0.664222875 0.784768212962963 0.6671554259259259 0.784768212962963 0.6759530787037037 0.7872516550925925 0.6818181828703703 0.7872516550925925 0.6847507337962964
0 0.7872516550925925 0.7683284467592593 0.7897350995370371 0.7756598240740741 0.7913907291666666 0.7859237546296297 0.7922185439814814 0.8064516134259259 0.7930463564814815 0.8093841643518518 0.7980132453703703 0.8093841643518518 0.8004966898148148 0.8064516134259259 0.8004966898148148 0.7976539583333333 0.799668875 0.7961876828703703 0.8004966898148148 0.780058650462963 0.8029801319444445 0.7756598240740741 0.804635761574074 0.7668621689814814 0.8038079467592593 0.7507331388888888 0.8054635763888889 0.7419354837962963 0.8054635763888889 0.7331378310185186 0.8038079467592593 0.7302052777777779 0.8038079467592593 0.7243401759259259 0.8013245023148149 0.7126099699074074 0.7988410601851852 0.7082111435185184 0.795529800925926 0.7082111435185184 0.7905629143518519 0.7272727268518518 0.7905629143518519 0.7360703819444445 0.7897350995370371 0.7375366574074074 0.7905629143518519 0.7404692083333333 0.7872516550925925 0.7683284467592593
0 0.8228476828703704 0.8724340185185185 0.8178807939814815 0.8841642222222221 0.8195364236111111 0.8885630509259259 0.8228476828703704 0.8914956018518518 0.8278145694444445 0.8914956018518518 0.829470199074074 0.887096773148148 0.8369205300925926 0.8958944282407407 0.8435430462962963 0.8958944282407407 0.8451986759259259 0.8929618773148148 0.8435430462962963 0.835777125 0.8443708611111111 0.8064516134259259 0.8427152314814814 0.8020527870370371 0.8418874166666667 0.7829912013888889 0.8394039745370371 0.778592375 0.8336092708333334 0.778592375 0.8327814560185186 0.7991202337962963 0.8261589398148148 0.8123167152777777 0.8278145694444445 0.8240469212962963 0.8278145694444445 0.8372434027777778 0.8236754976851851 0.8577712615740741 0.8228476828703704 0.8724340185185185
0 0.8443708611111111 0.8416422291666668 0.8451986759259259 0.8431085046296296 0.8451986759259259 0.8709677430555556 0.8468543055555556 0.8797653958333334 0.8485099328703704 0.8812316712962963 0.8551324513888888 0.8768328449074074 0.8584437083333334 0.8695014652777778 0.8576158935185185 0.859237537037037 0.8584437083333334 0.8475073310185186 0.8559602638888889 0.8284457476851851 0.8559602638888889 0.804985337962963 0.8567880787037038 0.8035190624999999 0.8559602638888889 0.8005865092592592 0.8567880787037038 0.7976539583333333 0.8559602638888889 0.7756598240740741 0.8551324513888888 0.7741935486111111 0.8493377476851852 0.7756598240740741 0.8493377476851852 0.778592375 0.8460264907407408 0.7859237546296297 0.8443708611111111 0.7932551319444444 0.8443708611111111 0.8079178888888889 0.8451986759259259 0.8093841643518518 0.8443708611111111 0.8416422291666668
0 0.8584437083333334 0.8211143703703704 0.8592715231481483 0.8284457476851851 0.8609271527777778 0.831378298611111 0.8592715231481483 0.8401759537037037 0.8592715231481483 0.8607038125 0.8609271527777778 0.8665689143518519 0.8675496689814814 0.8651026388888888 0.8683774837962963 0.8548387106481482 0.8716887407407408 0.8489736064814815 0.8758278148148149 0.8475073310185186 0.8766556296296296 0.8255131967592592 0.8791390717592592 0.8167155416666667 0.8791390717592592 0.8093841643518518 0.8774834444444445 0.8035190624999999 0.8774834444444445 0.7947214074074074 0.875 0.778592375 0.8692052986111111 0.7712609976851852 0.8642384097222222 0.777126099537037 0.8642384097222222 0.7903225810185185 0.8625827824074074 0.7976539583333333 0.8634105949074075 0.8123167152777777 0.8584437083333334 0.8211143703703704
0 0.8435430462962963 0.7521994143518519 0.8435430462962963 0.7668621689814814 0.8443708611111111 0.7683284467592593 0.8435430462962963 0.7712609976851852 0.8435430462962963 0.7829912013888889 0.8451986759259259 0.7873900300925926 0.8460264907407408 0.7873900300925926 0.8493377476851852 0.7844574768518519 0.8493377476851852 0.7829912013888889 0.8518211921296297 0.780058650462963 0.8567880787037038 0.7697947222222221 0.8559602638888889 0.7653958935185186 0.8559602638888889 0.7507331388888888 0.8567880787037038 0.7492668611111112 0.8567880787037038 0.7434017592592593 0.8584437083333334 0.7360703819444445 0.8584437083333334 0.7287390023148148 0.8576158935185185 0.7272727268518518 0.8584437083333334 0.7126099699074074 0.8576158935185185 0.7096774189814815 0.8559602638888889 0.7082111435185184 0.8526490069444445 0.7096774189814815 0.8509933773148148 0.7140762453703703 0.8460264907407408 0.721407625 0.8460264907407408 0.7287390023148148 0.8451986759259259 0.7302052777777779 0.8451986759259259 0.7419354837962963 0.8443708611111111 0.7434017592592593 0.8443708611111111 0.7507331388888888 0.8435430462962963 0.7521994143518519
0 0.9122516550925925 0.7443797662037037 0.9114238402777778 0.7551319652777778 0.9139072847222223 0.7639296180555555 0.9155629143518519 0.7668621689814814 0.9163907291666666 0.7756598240740741 0.9180463564814815 0.777126099537037 0.9213576157407408 0.7741935486111111 0.9221854305555555 0.7683284467592593 0.9238410601851852 0.7639296180555555 0.9238410601851852 0.7609970671296297 0.9254966898148148 0.7565982407407407 0.9254966898148148 0.7492668611111112 0.9263245023148149 0.7478005856481481 0.9254966898148148 0.7463343101851853 0.9254966898148148 0.7390029328703703 0.9180463564814815 0.721407625 0.9155629143518519 0.721407625 0.9147350995370371 0.719941349537037 0.9122516550925925 0.722873900462963 0.9122516550925925 0.7258064513888889 0.9114238402777778 0.7272727268518518 0.9122516550925925 0.7287390023148148 0.9122516550925925 0.7443797662037037
0 0.9263245023148149 0.8387096782407407 0.9288079467592593 0.8460410555555555 0.935430462962963 0.8475073310185186 0.9412251666666666 0.8401759537037037 0.9420529791666666 0.8137829907407408 0.9445364236111111 0.8035190624999999 0.945364238425926 0.7917888564814816 0.9470198680555555 0.7888563055555556 0.9495033101851852 0.7639296180555555 0.9403973518518519 0.7478005856481481 0.939569537037037 0.7390029328703703 0.9362582777777777 0.7331378310185186 0.9329470208333334 0.7360703819444445 0.9312913912037037 0.7478005856481481 0.924668875 0.7639296180555555 0.9238410601851852 0.7844574768518519 0.924668875 0.7976539583333333 0.9271523171296296 0.8093841643518518 0.9263245023148149 0.8387096782407407
0 0.9370860925925926 0.8914956018518518 0.9379139074074074 0.8885630509259259 0.939569537037037 0.8885630509259259 0.9403973518518519 0.887096773148148 0.9470198680555555 0.8885630509259259 0.9478476828703704 0.8900293263888889 0.950331125 0.8900293263888889 0.9536423842592592 0.8929618773148148 0.954470199074074 0.8914956018518518 0.9561258287037037 0.8914956018518518 0.9569536435185185 0.8856304976851852 0.9577814560185186 0.8841642222222221 0.9577814560185186 0.8782991203703704 0.9569536435185185 0.8768328449074074 0.9561258287037037 0.8665689143518519 0.954470199074074 0.8621700879629629 0.9528145694444445 0.8504398819444445 0.9495033101851852 0.8460410555555555 0.9470198680555555 0.8460410555555555 0.9437086087962963 0.8489736064814815 0.9437086087962963 0.8519061574074074 0.9420529791666666 0.856304986111111 0.9420529791666666 0.859237537037037 0.9379139074074074 0.8665689143518519 0.9362582777777777 0.8724340185185185 0.9346026481481481 0.8739002939814815 0.9337748333333334 0.8768328449074074 0.9337748333333334 0.887096773148148 0.935430462962963 0.8929618773148148 0.9370860925925926 0.8914956018518518
0 0.9048013240740741 0.9310850439814815 0.9039735092592592 0.9457478009259259 0.9014900671296296 0.9706744861111111 0.8973509930555555 0.9912023449074074 0.8998344375 0.9985337245370371 0.9254966898148148 0.9985337245370371 0.924668875 0.9780058657407408 0.920529800925926 0.9677419351851853 0.9221854305555555 0.9618768333333334 0.9213576157407408 0.9530791782407407 0.9238410601851852 0.9486803518518518 0.9213576157407408 0.9457478009259259 0.920529800925926 0.9354838703703704 0.924668875 0.9134897361111111 0.9221854305555555 0.8695014652777778 0.9180463564814815 0.8577712615740741 0.9122516550925925 0.8548387106481482 0.9072847685185186 0.8621700879629629 0.9056291388888889 0.8739002939814815 0.9056291388888889 0.8914956018518518 0.9031456944444444 0.9090909097222223 0.9031456944444444 0.9252199421296297 0.9048013240740741 0.9310850439814815
0 0.9197019861111111 0.8607038125 0.9238410601851852 0.8841642222222221 0.9230132453703703 0.9208211134259259 0.9188741712962963 0.9354838703703704 0.9197019861111111 0.9457478009259259 0.9147350995370371 0.9530791782407407 0.9188741712962963 0.9530791782407407 0.9197019861111111 0.9604105578703703 0.9180463564814815 0.9633431087962963 0.924668875 0.9838709675925926 0.9288079467592593 0.973607037037037 0.9288079467592593 0.9296187685185185 0.9329470208333334 0.9076246342592592 0.9321192060185185 0.8724340185185185 0.9288079467592593 0.863636363425926 0.9288079467592593 0.8489736064814815 0.9238410601851852 0.8401759537037037 0.9172185439814814 0.8372434027777778 0.9130794699074074 0.8445747800925927 0.9139072847222223 0.8489736064814815 0.9114238402777778 0.8577712615740741 0.9163907291666666 0.856304986111111 0.9197019861111111 0.8607038125
0 0.8816225162037037 0.9105571851851851 0.8832781458333334 0.919354837962963 0.8816225162037037 0.9648093842592593 0.8832781458333334 0.9750733148148149 0.8865894050925925 0.9794721412037036 0.8940397361111111 0.9765395902777777 0.9006622523148148 0.9633431087962963 0.9031456944444444 0.9046920810185185 0.9056291388888889 0.8797653958333334 0.9014900671296296 0.863636363425926 0.8948675486111112 0.8504398819444445 0.8932119212962962 0.8401759537037037 0.8865894050925925 0.8401759537037037 0.8816225162037037 0.8489736064814815 0.8816225162037037 0.8577712615740741 0.8799668865740741 0.8621700879629629 0.8816225162037037 0.8680351898148148 0.8816225162037037 0.9105571851851851
0 0.9072847685185186 0.8416422291666668 0.9064569537037037 0.8431085046296296 0.9072847685185186 0.8475073310185186 0.9105960254629629 0.8475073310185186 0.9122516550925925 0.8460410555555555 0.9130794699074074 0.8416422291666668 0.9172185439814814 0.8372434027777778 0.9254966898148148 0.8387096782407407 0.9254966898148148 0.8328445740740741 0.9263245023148149 0.831378298611111 0.9263245023148149 0.8137829907407408 0.9238410601851852 0.804985337962963 0.9221854305555555 0.8035190624999999 0.9105960254629629 0.804985337962963 0.9056291388888889 0.8093841643518518 0.9056291388888889 0.8123167152777777 0.9072847685185186 0.8167155416666667 0.9072847685185186 0.8416422291666668
0 0.8584437083333334 0.9560117291666667 0.8567880787037038 0.9868035185185186 0.8584437083333334 0.9912023449074074 0.8634105949074075 0.9912023449074074 0.8650662245370371 0.9882697939814814 0.8692052986111111 0.9985337245370371 0.8774834444444445 0.9985337245370371 0.8791390717592592 0.9926686226851852 0.8766556296296296 0.9868035185185186 0.8766556296296296 0.9692082106481481 0.8824503310185186 0.9208211134259259 0.8807947013888889 0.9120234606481482 0.8807947013888889 0.8768328449074074 0.8758278148148149 0.8621700879629629 0.8766556296296296 0.8548387106481482 0.8791390717592592 0.8519061574074074 0.8758278148148149 0.8504398819444445 0.8700331134259259 0.8548387106481482 0.8692052986111111 0.8607038125 0.8658940393518518 0.8665689143518519 0.8592715231481483 0.8709677430555556 0.8543046365740741 0.8841642222222221 0.8534768217592592 0.8988269791666667 0.8567880787037038 0.9090909097222223 0.8567880787037038 0.9501466273148148 0.8584437083333334 0.9560117291666667