0 0.17715231712962964 0.7331378310185186 0.16804635648148147 0.7111436944444444 0.1639072847222222 0.7096774189814815 0.15976821296296298 0.722873900462963 0.16059602546296295 0.7404692083333333 0.1738410601851852 0.7507331388888888 0.17715231712962964 0.7463343101851853 0.17715231712962964 0.7331378310185186
0 0.15811258333333333 0.7272727268518518 0.15231788194444446 0.7111436944444444 0.14652317824074074 0.7067448680555556 0.1382450324074074 0.7302052777777779 0.1365894050925926 0.7404692083333333 0.14403973611111112 0.7434017592592593 0.15480132407407407 0.7360703819444445 0.15811258333333333 0.7272727268518518
0 0.1374172175925926 0.7302052777777779 0.13493377546296295 0.7170087986111111 0.12665562962962962 0.7067448680555556 0.12334437037037037 0.7067448680555556 0.11672185416666668 0.719941349537037 0.11589403935185186 0.7243401759259259 0.12665562962962962 0.7404692083333333 0.13327814583333333 0.7404692083333333 0.1374172175925926 0.7302052777777779
0 0.11423840972222223 0.7580645162037037 0.1067880787037037 0.7258064513888889 0.09188741666666667 0.7478005856481481 0.09105960185185184 0.7639296180555555 0.09519867592592592 0.7683284467592593 0.10844370833333333 0.7668621689814814 0.11423840972222223 0.7580645162037037
0 0.2061258287037037 0.6832844583333333 0.20198675462962964 0.6876832847222223 0.20778145601851852 0.6832844583333333 0.21357615972222221 0.6891495601851851 0.22433774768518516 0.6891495601851851 0.22847682175925926 0.6847507337962964 0.23096026388888888 0.6788856296296296 0.22847682175925926 0.6612903217592593 0.22019867592592593 0.6524926689814814 0.21688741666666667 0.6378299120370371 0.2052980138888889 0.6334310856481481 0.20447019907407407 0.6466275671296297 0.1986754976851852 0.6524926689814814 0.2011589398148148 0.6744868032407408 0.2061258287037037 0.6832844583333333
0 0.2359271527777778 0.6568914953703704 0.23178807870370371 0.6290322569444444 0.22764900694444443 0.6231671550925926 0.22019867592592593 0.6290322569444444 0.22019867592592593 0.6480938425925926 0.22930463657407407 0.6612903217592593 0.23427152314814814 0.6788856296296296 0.2359271527777778 0.6568914953703704
0 0.24089403935185186 0.6524926689814814 0.24254966898148148 0.6466275671296297 0.2375827824074074 0.6187683287037037 0.22930463657407407 0.6202346041666666 0.22764900694444443 0.6246334305555555 0.23178807870370371 0.6422287384259259 0.2359271527777778 0.6510263935185185 0.24089403935185186 0.6524926689814814
0 0.27897350925925923 0.6158357777777779 0.28311258333333333 0.6158357777777779 0.2822847685185185 0.5923753657407408 0.2673841064814815 0.5865102638888889 0.26490066203703705 0.5762463333333333 0.2615894050925926 0.579178886574074 0.259933775462963 0.5923753657407408 0.26490066203703705 0.6143695023148148 0.27566225231481484 0.6085043981481482 0.27897350925925923 0.6158357777777779
0 0.22847682175925926 0.5982404699074074 0.22682119212962965 0.6158357777777779 0.2367549675925926 0.612903226851852 0.23344370833333336 0.5923753657407408 0.22847682175925926 0.5982404699074074
0 0.32615893981481486 0.5498533726851852 0.3203642384259259 0.5454545462962963 0.31539735185185186 0.5527859236111111 0.31374172222222224 0.5733137824074074 0.3195364236111111 0.5850439884259259 0.3286423842592593 0.5865102638888889 0.32615893981481486 0.5498533726851852
0 0.43874172222222224 0.4970674490740741 0.435430462962963 0.4926686226851852 0.4312913912037037 0.501466275462963 0.4304635763888889 0.5175953078703703 0.435430462962963 0.5307917893518519 0.43874172222222224 0.5219941342592592 0.43874172222222224 0.4970674490740741
0 0.36258278240740743 0.48240469212962966 0.35844370833333333 0.4868035185185185 0.35844370833333333 0.5146627569444445 0.36258278240740743 0.5190615833333333 0.365066224537037 0.4926686226851852 0.36258278240740743 0.48240469212962966
0 0.34850993287037035 0.47947214120370374 0.34437086111111115 0.48240469212962966 0.34519867592592596 0.5073313773148148 0.34933774768518516 0.5 0.3501655625 0.4838709675925926 0.34850993287037035 0.47947214120370374
0 0.41556291435185183 0.4281524930555555 0.41556291435185183 0.4369501458333333 0.4230132453703704 0.43841642129629627 0.4188741712962963 0.4281524930555555 0.41556291435185183 0.4281524930555555
0 0.42880794675925926 0.41202346064814815 0.43377483333333333 0.4105571851851852 0.42880794675925926 0.4061583587962963 0.42880794675925926 0.41202346064814815
0 0.5322847685185186 0.40909090972222223 0.535596025462963 0.41202346064814815 0.5364238402777778 0.4105571851851852 0.5364238402777778 0.4046920810185185 0.535596025462963 0.40322580555555554 0.535596025462963 0.4002932546296296 0.5339403981481481 0.3973607037037037 0.5322847685185186 0.3973607037037037 0.5314569537037037 0.39882697916666665 0.5314569537037037 0.4046920810185185 0.5322847685185186 0.4061583587962963 0.5322847685185186 0.40909090972222223
0 0.5389072847222223 0.41202346064814815 0.5430463564814815 0.41642228703703704 0.5438741712962963 0.4134897361111111 0.5438741712962963 0.4046920810185185 0.5430463564814815 0.40322580555555554 0.5430463564814815 0.4002932546296296 0.5405629143518519 0.3973607037037037 0.5389072847222223 0.39882697916666665 0.5389072847222223 0.4017595300925926 0.5380794699074074 0.40322580555555554 0.5389072847222223 0.4061583587962963 0.5389072847222223 0.41202346064814815
0 0.5466225162037037 0.42518181712962966 0.5464205300925926 0.4216026388888889 0.5468245023148148 0.41909824074074076 0.5476324513888889 0.41337243287037034 0.5468245023148148 0.41158357870370366 0.5454105949074074 0.40693108564814817 0.544198675925926 0.40585777083333335 0.5437947013888889 0.4112258055555556 0.5431887407407407 0.4137302060185185 0.5437947013888889 0.41838269907407405 0.5439776481481482 0.4237023449074074 0.5452086087962963 0.42589736111111115 0.5460165555555556 0.42589736111111115 0.5466225162037037 0.42518181712962966
0 0.5496523171296297 0.4366319652777778 0.5506622523148148 0.43734750694444446 0.554096025462963 0.43734750694444446 0.5542980138888889 0.43305425231481487 0.5534900671296297 0.42589736111111115 0.5534900671296297 0.4198137824074074 0.5524801319444445 0.41623460416666663 0.5518741712962962 0.41194134953703704 0.5502582777777778 0.4112258055555556 0.5500562916666666 0.41516128935185187 0.5488443703703704 0.41695014583333334 0.5492483449074074 0.4226759537037037 0.5496523171296297 0.4276862175925926 0.5492483449074074 0.4298328449074074 0.5492483449074074 0.43126393055555556 0.5496523171296297 0.4366319652777778
0 0.5678294699074075 0.4470087986111111 0.5688394050925926 0.4473665694444445 0.5706572847222222 0.4466510254629629 0.5706572847222222 0.44199999999999995 0.5706572847222222 0.4369897361111111 0.5714652314814815 0.4323387106481481 0.5700513240740741 0.42732844675925924 0.5696473518518519 0.42446481018518517 0.5682334444444445 0.42196040972222226 0.5678294699074075 0.42732844675925924 0.5666183773148148 0.43126393055555556 0.5676274837962962 0.43341202314814814 0.5676134097222222 0.43658504398148146 0.5678294699074075 0.4412844583333333 0.5678294699074075 0.44307331481481477 0.5678294699074075 0.4470087986111111
0 0.5862673842592593 0.4539134907407408 0.5878832777777778 0.45176686111111114 0.5882872523148148 0.44139003009259264 0.589095199074074 0.4310117291666667 0.5856614236111111 0.42779178935185186 0.5848534768518519 0.4349486805555556 0.5843402314814815 0.44205865046296294 0.5838435439814815 0.4478313773148148 0.5840455300925926 0.45176686111111114 0.5862673842592593 0.4539134907407408
0 0.5749569537037037 0.4793211134259259 0.5751589398148148 0.48719354861111114 0.5751589398148148 0.4929178888888889 0.5745529791666667 0.49971700925925927 0.5785927152777778 0.49971700925925927 0.5791986759259259 0.49613929629629633 0.5791986759259259 0.49148680324074073 0.5789966898148148 0.4839721412037037 0.5802077824074074 0.47431084953703706 0.5810157291666667 0.4664384166666667 0.5808137407407408 0.4578504398148148 0.5800066226851852 0.4521246342592593 0.5773807939814815 0.44890469212962963 0.5769768217592592 0.45570381249999997 0.5745223518518519 0.4636348981481482 0.5749569537037037 0.46822727314814816 0.5749569537037037 0.473237537037037 0.5749569537037037 0.4793211134259259
0 0.5862218541666666 0.5220102638888888 0.5870927152777777 0.5204692083333333 0.5870927152777777 0.5127595300925926 0.5879627476851852 0.4985762453703704 0.5890066226851852 0.48685923842592593 0.5909213564814815 0.4729838703703704 0.5860480138888889 0.4662008796296296 0.5839594375 0.47452639351851855 0.5815231782407407 0.48315982407407404 0.5827417222222222 0.49333431018518514 0.581528974537037 0.5091114375 0.5830894050925925 0.5124516134259259 0.5832640717592592 0.5170762453703703 0.5862218541666666 0.5220102638888888
0 0.6003187083333332 0.539277125 0.6008410601851851 0.5291026388888889 0.6013634097222222 0.5198519050925926 0.6006672175925927 0.5065938425925927 0.5964900671296297 0.5038181828703704 0.5950976828703703 0.5118357777777778 0.59475 0.5198519050925926 0.5949851226851851 0.5339281111111112 0.5940538078703703 0.535577712962963 0.5935314560185185 0.5365029328703704 0.5942276481481481 0.5417448680555556 0.5973600995370371 0.5454442824074074 0.6003187083333332 0.539277125
0 0.6079768217592593 0.5574692083333334 0.608150662037037 0.5661026388888889 0.6142417222222222 0.5685703819444444 0.6147640717592593 0.5630205277777778 0.6152864236111112 0.5543856296296297 0.6151117546296296 0.5460615833333333 0.612849337962963 0.5395865092592592 0.6133716898148148 0.5300278587962963 0.6133716898148148 0.5170762453703703 0.6107615902777778 0.5161524930555556 0.6093692060185185 0.5263269791666667 0.6076283101851851 0.5349604097222223 0.6072806296296297 0.5442111435185185 0.6074544699074074 0.545752199074074 0.6079768217592593 0.5525366574074074 0.6079768217592593 0.5574692083333334
0 0.6170264907407408 0.5167683287037037 0.6184188749999999 0.5149178888888889 0.618941224537037 0.5090601180555555 0.618941224537037 0.5010425231481481 0.6192889074074074 0.4924090902777778 0.621028974537037 0.47976832870370373 0.6192889074074074 0.4699002939814815 0.6158079467592593 0.47822580555555555 0.6140678819444445 0.48593401851851853 0.6135455300925926 0.4991935486111111 0.6147640717592593 0.5127595300925926 0.6159826157407408 0.5130689143518519 0.6161564560185185 0.5152272731481481 0.6170264907407408 0.5167683287037037
0 0.6227698680555556 0.5161524930555556 0.6248576157407407 0.5146099699074074 0.6248576157407407 0.5065938425925927 0.6269461921296297 0.5035102638888889 0.6285124166666667 0.49333431018518514 0.6285124166666667 0.4840850439814815 0.623639900462963 0.4708255138888889 0.6229437083333332 0.4785337245370371 0.622073675925926 0.4893255138888889 0.622595199074074 0.49950146527777783 0.621028974537037 0.5053592384259259 0.6212036435185185 0.51368475 0.6227698680555556 0.5161524930555556
0 0.5975347685185185 0.4578753657407407 0.5999710254629629 0.4597258055555556 0.6008410601851851 0.45880058564814813 0.6008410601851851 0.45571700925925923 0.5989271527777779 0.45263343055555555 0.5967251666666668 0.4466759537037037 0.5966647361111111 0.4486246342592593 0.5968385763888889 0.45571700925925923 0.5975347685185185 0.4578753657407407
0 0.6506150671296297 0.4785337245370371 0.650441224537037 0.47205865046296297 0.649918875 0.46681671527777774 0.6462640717592593 0.4662008796296296 0.6466125833333334 0.4708255138888889 0.6460902314814815 0.47545014583333334 0.647308775462963 0.47668475 0.6502673842592592 0.47884310879629627 0.6506150671296297 0.4785337245370371
0 0.6434801319444444 0.4751422291666667 0.6421564560185185 0.46304838657407404 0.6415653981481482 0.4625 0.6405215231481483 0.4708255138888889 0.6410430462962963 0.47421700925925925 0.6434801319444444 0.4751422291666667
0 0.6493965231481481 0.5294105578703704 0.6514850995370369 0.5170762453703703 0.6500927152777778 0.5035102638888889 0.6497450324074074 0.4914838703703704 0.6438278148148149 0.4785337245370371 0.6424354305555555 0.48470087962962966 0.6427839398148149 0.49734310879629634 0.6408692060185186 0.5170762453703703 0.6434097685185185 0.5321422291666666 0.6445240069444444 0.5324941342592593 0.6480049675925926 0.5343445740740741 0.6493965231481481 0.5294105578703704
0 0.6713253310185185 0.5519193541666666 0.6723692060185186 0.5361935486111111 0.6720215231481481 0.5192346041666667 0.6685405625 0.5065938425925927 0.6674966898148148 0.5167683287037037 0.6654081134259259 0.5321862175925927 0.6664519861111111 0.5442111435185185 0.6683667222222222 0.5590117291666666 0.6697293055555555 0.5729340185185186 0.6704552986111111 0.5728870972222222 0.6709776481481482 0.5648695023148148 0.6713253310185185 0.5519193541666666
0 0.6454867546296297 0.6303225810185185 0.646356787037037 0.6226143703703704 0.6470529791666666 0.6081217013888889 0.6468791388888889 0.597329912037037 0.6468791388888889 0.5797536666666667 0.6453129143518518 0.5769794722222222 0.6421796365740741 0.5661876828703704 0.6374809606481482 0.5686539583333333 0.6380033101851852 0.5763621689814815 0.6383509930555555 0.5846876828703704 0.6366109282407407 0.5994882708333333 0.6378294699074074 0.6127463333333333 0.6390471851851851 0.6195307916666666 0.6369586087962963 0.6327888564814814 0.6380033101851852 0.6340219930555555 0.6407880787037037 0.6340219930555555 0.6454867546296297 0.6303225810185185
0 0.6589403981481482 0.6246334305555555 0.6589403981481482 0.643695013888889 0.659768212962963 0.6451612893518518 0.659768212962963 0.6510263935185185 0.6605960254629629 0.6524926689814814 0.6605960254629629 0.6627565972222222 0.659768212962963 0.664222875 0.6614238402777778 0.6715542523148149 0.6647350995370371 0.6715542523148149 0.6663907291666666 0.6700879768518518 0.6680463564814815 0.664222875 0.6688741712962963 0.6392961875 0.670529800925926 0.6319648101851852 0.6697019861111111 0.612903226851852 0.6672185439814814 0.6026392962962963 0.6639072847222223 0.5953079189814815 0.6605960254629629 0.5953079189814815 0.6589403981481482 0.6011730208333333 0.6589403981481482 0.6041055717592593 0.6581125833333333 0.6055718472222222 0.6581125833333333 0.6231671550925926 0.6589403981481482 0.6246334305555555
0 0.6995033101851852 0.7272727268518518 0.6995033101851852 0.7390029328703703 0.7011589398148148 0.7434017592592593 0.7036423842592592 0.7434017592592593 0.7069536435185185 0.7390029328703703 0.7102649004629629 0.7478005856481481 0.7135761597222222 0.7478005856481481 0.7144039745370371 0.7463343101851853 0.7160596018518518 0.7067448680555556 0.7201986759259259 0.695014662037037 0.7201986759259259 0.6906158356481482 0.7177152314814814 0.6774193541666667 0.7135761597222222 0.6715542523148149 0.7110927152777777 0.664222875 0.7086092708333334 0.664222875 0.7069536435185185 0.6671554259259259 0.7069536435185185 0.6715542523148149 0.7036423842592592 0.6832844583333333 0.7036423842592592 0.6891495601851851 0.7028145694444445 0.6906158356481482 0.7028145694444445 0.7038123171296297 0.7019867546296297 0.7052785925925926 0.7011589398148148 0.719941349537037 0.6995033101851852 0.7272727268518518
0 0.659768212962963 0.5615835787037037 0.6622516550925925 0.5615835787037037 0.6639072847222223 0.5601173009259259 0.6639072847222223 0.5542521990740741 0.6647350995370371 0.5527859236111111 0.6647350995370371 0.5161290324074074 0.6622516550925925 0.5131964814814816 0.6605960254629629 0.5131964814814816 0.6589403981481482 0.5161290324074074 0.6581125833333333 0.5205278587962963 0.6556291388888889 0.526392962962963 0.6548013240740741 0.5381231666666667 0.6572847685185186 0.5469208217592593 0.6572847685185186 0.558651025462963 0.659768212962963 0.5615835787037037
0 0.7392384097222222 0.6935483865740741 0.7384105949074075 0.7023460416666667 0.7375827824074074 0.7038123171296297 0.7342715231481483 0.7023460416666667 0.7317880787037038 0.7052785925925926 0.7342715231481483 0.7111436944444444 0.7408940393518518 0.7126099699074074 0.7466887407407408 0.7038123171296297 0.7516556296296296 0.6994134907407408 0.7574503310185186 0.6891495601851851 0.7649006620370371 0.6847507337962964 0.7657284768518517 0.6803519050925926 0.7649006620370371 0.664222875 0.7640728472222222 0.6627565972222222 0.7649006620370371 0.6568914953703704 0.7640728472222222 0.6554252199074073 0.7649006620370371 0.6510263935185185 0.7640728472222222 0.6451612893518518 0.7649006620370371 0.643695013888889 0.7624172175925926 0.6392961875 0.7574503310185186 0.6392961875 0.7557947013888889 0.640762462962963 0.7541390717592592 0.6466275671296297 0.7549668865740741 0.6480938425925926 0.7549668865740741 0.6568914953703704 0.7392384097222222 0.6935483865740741
0 0.7334437083333334 0.6891495601851851 0.7375827824074074 0.6920821111111111 0.7408940393518518 0.6876832847222223 0.7425496689814814 0.6818181828703703 0.7417218541666666 0.6788856296296296 0.7425496689814814 0.6730205277777778 0.7475165555555555 0.6671554259259259 0.7475165555555555 0.664222875 0.7491721851851851 0.6598240462962963 0.7491721851851851 0.6539589444444445 0.7524834444444445 0.6495601180555555 0.7533112592592592 0.643695013888889 0.7549668865740741 0.640762462962963 0.75 0.6319648101851852 0.7516556296296296 0.6290322569444444 0.7508278148148149 0.6275659814814815 0.7516556296296296 0.6246334305555555 0.7508278148148149 0.6202346041666666 0.7516556296296296 0.6173020532407407 0.7516556296296296 0.6070381226851852 0.7475165555555555 0.6070381226851852 0.7458609282407408 0.6099706736111111 0.7442052986111111 0.6099706736111111 0.7408940393518518 0.6158357777777779 0.7392384097222222 0.6202346041666666 0.7392384097222222 0.6231671550925926 0.7359271527777778 0.6290322569444444 0.7326158935185185 0.6319648101851852 0.7317880787037038 0.6348973611111112 0.7317880787037038 0.6495601180555555 0.7350993379629629 0.6627565972222222 0.7334437083333334 0.6891495601851851
0 0.8236754976851851 0.6744868032407408 0.8261589398148148 0.6744868032407408 0.8269867546296297 0.6759530787037037 0.8302980138888889 0.6730205277777778 0.8311258287037037 0.6700879768518518 0.8311258287037037 0.6568914953703704 0.8302980138888889 0.6554252199074073 0.8302980138888889 0.6480938425925926 0.829470199074074 0.6466275671296297 0.8278145694444445 0.6466275671296297 0.8269867546296297 0.6480938425925926 0.8236754976851851 0.6495601180555555 0.8195364236111111 0.6598240462962963 0.8187086087962963 0.6671554259259259 0.820364238425926 0.6700879768518518 0.820364238425926 0.6715542523148149 0.8236754976851851 0.6744868032407408
0 0.8973509930555555 0.7463343101851853 0.8973509930555555 0.7565982407407407 0.9006622523148148 0.7580645162037037 0.9072847685185186 0.7521994143518519 0.9114238402777778 0.7551319652777778 0.9130794699074074 0.7492668611111112 0.9130794699074074 0.7419354837962963 0.909768212962963 0.7302052777777779 0.9081125833333333 0.7272727268518518 0.9056291388888889 0.7258064513888889 0.9006622523148148 0.7155425231481481 0.8973509930555555 0.7184750740740741 0.8973509930555555 0.722873900462963 0.8965231782407408 0.7243401759259259 0.8965231782407408 0.7448680347222222 0.8973509930555555 0.7463343101851853
0 0.9221854305555555 0.8416422291666668 0.9312913912037037 0.8475073310185186 0.9362582777777777 0.8475073310185186 0.9387417222222223 0.8445747800925927 0.9379139074074074 0.8431085046296296 0.9387417222222223 0.8401759537037037 0.9428807939814815 0.8401759537037037 0.945364238425926 0.8372434027777778 0.9445364236111111 0.8284457476851851 0.9412251666666666 0.8196480949074074 0.9420529791666666 0.7961876828703703 0.9445364236111111 0.7756598240740741 0.9445364236111111 0.7609970671296297 0.9370860925925926 0.7478005856481481 0.9362582777777777 0.7404692083333333 0.9346026481481481 0.7375366574074074 0.9279801319444445 0.7360703819444445 0.9263245023148149 0.7419354837962963 0.9263245023148149 0.7507331388888888 0.9221854305555555 0.7639296180555555 0.9213576157407408 0.7697947222222221 0.9221854305555555 0.8152492662037036 0.9230132453703703 0.8167155416666667 0.9221854305555555 0.8416422291666668
0 0.8369205300925926 0.8401759537037037 0.8352649004629629 0.8695014652777778 0.8377483449074075 0.8797653958333334 0.8385761597222222 0.8944281527777778 0.8418874166666667 0.9017595300925926 0.8451986759259259 0.9017595300925926 0.8501655625 0.8958944282407407 0.8559602638888889 0.8988269791666667 0.8584437083333334 0.8958944282407407 0.8592715231481483 0.8914956018518518 0.8559602638888889 0.856304986111111 0.8559602638888889 0.8372434027777778 0.8584437083333334 0.8284457476851851 0.8576158935185185 0.8137829907407408 0.8559602638888889 0.8064516134259259 0.8493377476851852 0.7961876828703703 0.8468543055555556 0.7815249259259259 0.8435430462962963 0.780058650462963 0.8394039745370371 0.7844574768518519 0.8394039745370371 0.7991202337962963 0.8344370856481481 0.8093841643518518 0.8344370856481481 0.8299120231481482 0.8369205300925926 0.8401759537037037
0 0.8576158935185185 0.8504398819444445 0.8584437083333334 0.8753665694444445 0.8609271527777778 0.8900293263888889 0.8667218541666666 0.8914956018518518 0.8733443703703704 0.887096773148148 0.8725165555555555 0.8651026388888888 0.875 0.8137829907407408 0.8766556296296296 0.8064516134259259 0.8758278148148149 0.7888563055555556 0.8733443703703704 0.7829912013888889 0.8741721851851851 0.778592375 0.8692052986111111 0.777126099537037 0.8658940393518518 0.7859237546296297 0.8667218541666666 0.7888563055555556 0.8650662245370371 0.7932551319444444 0.8592715231481483 0.7991202337962963 0.8592715231481483 0.8035190624999999 0.8576158935185185 0.8064516134259259 0.8592715231481483 0.834310849537037 0.8576158935185185 0.8504398819444445
0 0.8841059606481482 0.9780058657407408 0.8841059606481482 0.9985337245370371 0.9163907291666666 0.9985337245370371 0.9172185439814814 0.9926686226851852 0.9122516550925925 0.973607037037037 0.9114238402777778 0.9545454537037037 0.909768212962963 0.9472140763888889 0.9114238402777778 0.9428152499999999 0.9105960254629629 0.9384164212962963 0.9163907291666666 0.9281524930555556 0.9155629143518519 0.9090909097222223 0.9056291388888889 0.8826979467592593 0.9039735092592592 0.8695014652777778 0.8981788078703703 0.8709677430555556 0.8923841064814815 0.8812316712962963 0.8874172175925926 0.8841642222222221 0.8816225162037037 0.9002932546296297 0.8807947013888889 0.9178885625 0.8824503310185186 0.9266862175925925 0.8824503310185186 0.973607037037037 0.8841059606481482 0.9780058657407408
0 0.9064569537037037 0.8768328449074074 0.9064569537037037 0.8797653958333334 0.9105960254629629 0.8929618773148148 0.9130794699074074 0.8973607037037037 0.9139072847222223 0.9032258055555556 0.9163907291666666 0.9076246342592592 0.9172185439814814 0.9134897361111111 0.9180463564814815 0.914956011574074 0.9197019861111111 0.914956011574074 0.9213576157407408 0.9120234606481482 0.9213576157407408 0.9002932546296297 0.9221854305555555 0.8988269791666667 0.920529800925926 0.8929618773148148 0.9213576157407408 0.8900293263888889 0.920529800925926 0.8885630509259259 0.920529800925926 0.8812316712962963 0.9197019861111111 0.8797653958333334 0.9197019861111111 0.8739002939814815 0.9188741712962963 0.8724340185185185 0.9197019861111111 0.8489736064814815 0.9180463564814815 0.8460410555555555 0.9122516550925925 0.8460410555555555 0.909768212962963 0.8504398819444445 0.909768212962963 0.8548387106481482 0.9064569537037037 0.863636363425926 0.9064569537037037 0.8665689143518519 0.9056291388888889 0.8680351898148148 0.9056291388888889 0.8753665694444445 0.9064569537037037 0.8768328449074074
0 0.8865894050925925 0.8797653958333334 0.8865894050925925 0.8856304976851852 0.8899006620370371 0.8856304976851852 0.8948675486111112 0.8782991203703704 0.8956953634259259 0.8739002939814815 0.9006622523148148 0.8680351898148148 0.9039735092592592 0.8680351898148148 0.9039735092592592 0.8621700879629629 0.9006622523148148 0.8621700879629629 0.8990066226851852 0.859237537037037 0.8998344375 0.856304986111111 0.8998344375 0.8504398819444445 0.9006622523148148 0.8489736064814815 0.9006622523148148 0.8445747800925927 0.8998344375 0.8431085046296296 0.8956953634259259 0.8431085046296296 0.8940397361111111 0.8445747800925927 0.8923841064814815 0.8475073310185186 0.8915562916666666 0.8519061574074074 0.8899006620370371 0.8548387106481482 0.8890728472222222 0.8548387106481482 0.8890728472222222 0.8577712615740741 0.8857615902777778 0.8695014652777778 0.8857615902777778 0.8782991203703704 0.8865894050925925 0.8797653958333334
0 0.9329470208333334 0.9398826990740742 0.9346026481481481 0.944281525462963 0.9346026481481481 0.9545454537037037 0.9337748333333334 0.9560117291666667 0.9370860925925926 0.9574780069444444 0.9379139074074074 0.9618768333333334 0.9346026481481481 0.9662756597222222 0.935430462962963 0.9677419351851853 0.939569537037037 0.9633431087962963 0.9387417222222223 0.9618768333333334 0.9387417222222223 0.9545454537037037 0.9428807939814815 0.9530791782407407 0.9412251666666666 0.9472140763888889 0.9461920532407407 0.944281525462963 0.9495033101851852 0.9457478009259259 0.9528145694444445 0.9501466273148148 0.9528145694444445 0.944281525462963 0.954470199074074 0.941348974537037 0.9552980138888889 0.9340175949074074 0.9610927152777777 0.9237536666666666 0.9610927152777777 0.9105571851851851 0.9561258287037037 0.8944281527777778 0.9486754976851851 0.8885630509259259 0.9379139074074074 0.8856304976851852 0.935430462962963 0.8885630509259259 0.9337748333333334 0.8958944282407407 0.9337748333333334 0.9046920810185185 0.935430462962963 0.9105571851851851 0.9329470208333334 0.9266862175925925 0.9329470208333334 0.9398826990740742
0 0.9321192060185185 0.9941348981481481 0.9321192060185185 0.9956011736111111 0.9337748333333334 0.9970674490740741 0.9337748333333334 0.9985337245370371 0.9470198680555555 0.9985337245370371 0.9437086087962963 0.9941348981481481 0.9428807939814815 0.9868035185185186 0.9403973518518519 0.9868035185185186 0.9387417222222223 0.9838709675925926 0.9387417222222223 0.9780058657407408 0.939569537037037 0.9765395902777777 0.9362582777777777 0.9750733148148149 0.9362582777777777 0.972140761574074 0.9337748333333334 0.972140761574074 0.9321192060185185 0.9750733148148149 0.9321192060185185 0.9838709675925926 0.9304635763888889 0.9882697939814814 0.9304635763888889 0.9912023449074074 0.9321192060185185 0.9941348981481481
0 0.939569537037037 0.887096773148148 0.9403973518518519 0.8856304976851852 0.9445364236111111 0.887096773148148 0.945364238425926 0.8885630509259259 0.9511589398148148 0.8900293263888889 0.9528145694444445 0.8929618773148148 0.9552980138888889 0.8929618773148148 0.9561258287037037 0.8944281527777778 0.9569536435185185 0.8885630509259259 0.9586092708333334 0.8841642222222221 0.9586092708333334 0.8797653958333334 0.9577814560185186 0.8782991203703704 0.9569536435185185 0.8680351898148148 0.9561258287037037 0.8665689143518519 0.9561258287037037 0.863636363425926 0.9552980138888889 0.8621700879629629 0.9536423842592592 0.8504398819444445 0.9519867546296297 0.8460410555555555 0.9478476828703704 0.8460410555555555 0.9445364236111111 0.8489736064814815 0.9437086087962963 0.8548387106481482 0.9412251666666666 0.859237537037037 0.9412251666666666 0.8607038125 0.9387417222222223 0.8651026388888888 0.9379139074074074 0.8695014652777778 0.9362582777777777 0.8724340185185185 0.935430462962963 0.8753665694444445 0.935430462962963 0.8841642222222221 0.9370860925925926 0.887096773148148 0.939569537037037 0.887096773148148