0 0.41142384027777773 0.8062130185185185 0.3923841064814815 0.8284023657407408 0.3932119212962963 0.8565088750000001 0.3998344375 0.863905326388889 0.4205298009259259 0.8565088750000001 0.44122516666666667 0.863905326388889 0.4569536435185185 0.8920118333333333 0.4619205300925926 0.9171597638888889 0.4710264907407407 0.9171597638888889 0.47847682175925926 0.9053254444444444 0.48427152314814814 0.849112425925926 0.48509933796296295 0.7973372777777777 0.47847682175925926 0.7529585810185184 0.4685430462962963 0.7263313611111111 0.44619205324074074 0.6952662731481482 0.43460264814814814 0.6538461527777778 0.4188741712962963 0.650887574074074 0.40976821296296295 0.6686390532407408 0.40976821296296295 0.6952662731481482 0.4230132453703704 0.7411242592592593 0.4221854305555556 0.7618343194444445 0.41142384027777773 0.8062130185185185
0 0.3841059606481481 0.9807692314814815 0.3857615902777778 0.9733727800925926 0.37996688657407407 0.9704142013888889 0.3807947013888889 0.9452662731481482 0.3733443703703704 0.9275147939814815 0.37003311342592593 0.9289940833333333 0.3501655625 0.9571005925925926 0.33857615972222227 0.985207099537037 0.3377483449074074 0.9985207106481482 0.36175496759259257 0.9985207106481482 0.3766556296296296 0.9778106504629629 0.3841059606481481 0.9807692314814815
0 0.4884105949074074 0.9985207106481482 0.48344370833333333 0.9585798819444444 0.460264900462963 0.9097633125 0.45115893981481486 0.8816568055555556 0.44122516666666667 0.8668639050925926 0.42798013194444445 0.8579881666666667 0.4180463564814815 0.8550295856481481 0.3940397361111111 0.8653846157407408 0.36175496759259257 0.9423076921296297 0.36175496759259257 0.9630177523148148 0.3741721851851852 0.9733727800925926 0.37996688657407407 0.9985207106481482 0.4884105949074074 0.9985207106481482
0 0 0.9985207106481482 0.08526490046296296 0.9985207106481482 0.06705297916666667 0.931952662037037 0.05049668981481482 0.9082840231481482 0.05711920601851852 0.8727810648148149 0.06456953703703704 0.8683431944444444 0.06125827777777778 0.8550295856481481 0.039735099537037036 0.8313609467592592 0.013245032407407408 0.7618343194444445 0.004139071759259259 0.7470414189814816 0 0.7470414189814816 0 0.9985207106481482
0 0.4081125833333333 0.6671597638888889 0.410596025462963 0.6523668634259259 0.4180463564814815 0.6434911249999999 0.4188741712962963 0.4866863912037037 0.41390728472222227 0.4822485208333333 0.40976821296296295 0.45857988194444443 0.4130794699074074 0.4408284027777778 0.410596025462963 0.43047337268518515 0.4031456944444444 0.42751479398148146 0.39900662268518516 0.4334319537037037 0.39735099305555555 0.4571005925925926 0.39155629166666667 0.46449704166666667 0.39072847685185186 0.4837278101851852 0.39735099305555555 0.6316568055555556 0.3940397361111111 0.6642011828703703 0.4023178819444444 0.6686390532407408 0.4081125833333333 0.6671597638888889
0 0.4983443703703704 0.6079881666666667 0.5016556296296296 0.619822486111111 0.4942052986111111 0.6597633125 0.4884105949074074 0.6686390532407408 0.490066224537037 0.673076923611111 0.4983443703703704 0.6656804722222222 0.5074503310185186 0.6375739652777779 0.5264900671296296 0.6479289930555555 0.5190397361111111 0.5724852060185186 0.5082781458333333 0.5369822476851852 0.4975165555555556 0.5369822476851852 0.5 0.5576923078703704 0.4975165555555556 0.5828402361111111 0.5008278148148149 0.5931952662037037 0.4983443703703704 0.6079881666666667
0 0.5057947013888889 0.5251479282407407 0.5049668865740741 0.47633136111111113 0.49668874074074076 0.45562130092592595 0.4983443703703704 0.44526627314814815 0.4942052986111111 0.4349112430555555 0.48758278240740743 0.4349112430555555 0.4809602638888889 0.44674556249999997 0.47847682175925926 0.47781065046296295 0.46937086111111115 0.5044378703703704 0.46937086111111115 0.5251479282407407 0.464403974537037 0.5310650879629629 0.4619205300925926 0.5502958587962963 0.47019867592592596 0.5636094675925926 0.4809602638888889 0.5591715972222222 0.5057947013888889 0.5251479282407407
0 0.46605960185185186 0.5739644976851852 0.47350993287037035 0.6050295856481481 0.47350993287037035 0.6316568055555556 0.46523178703703705 0.6434911249999999 0.4809602638888889 0.6434911249999999 0.48509933796296295 0.6242603541666667 0.4801324513888889 0.5887573958333333 0.48427152314814814 0.5428994074074074 0.4768211921296296 0.5399408287037036 0.4718543055555556 0.5281065092592593 0.4801324513888889 0.4733727800925926 0.47930463657407407 0.4600591712962963 0.4826158935185185 0.4526627222222222 0.47350993287037035 0.439349113425926 0.46357615972222227 0.4511834328703704 0.46605960185185186 0.4718934907407408 0.46109271527777773 0.5502958587962963 0.4668874166666667 0.5562130185185185 0.46605960185185186 0.5739644976851852
0 0.45115893981481486 0.5340236689814815 0.4519867546296296 0.5014792893518518 0.4577814560185185 0.47041420138888884 0.4561258287037037 0.4423076921296296 0.44867549768518517 0.4171597638888889 0.4445364236111111 0.4171597638888889 0.43708609259259257 0.439349113425926 0.43625827777777776 0.47633136111111113 0.4437086087962963 0.5044378703703704 0.44288079398148145 0.5325443796296296 0.45115893981481486 0.5340236689814815
0 0.5157284768518519 0.4008875740740741 0.5099337754629629 0.39792899305555557 0.5057947013888889 0.4156804722222222 0.5024834444444445 0.4423076921296296 0.5115894050925925 0.485207099537037 0.5173841064814815 0.43786982175925926 0.5157284768518519 0.4008875740740741
0 0.5480132453703704 0.4156804722222222 0.539735099537037 0.40384615277777774 0.5389072847222223 0.4541420115740741 0.5430463564814815 0.45562130092592595 0.5480132453703704 0.4349112430555555 0.5480132453703704 0.4156804722222222
0 0.5024834444444445 0.4201183425925926 0.4975165555555556 0.40532544444444446 0.4942052986111111 0.4068047337962963 0.490066224537037 0.4156804722222222 0.490066224537037 0.43047337268518515 0.4983443703703704 0.43786982175925926 0.5024834444444445 0.4201183425925926