0 0.8377483449074075 0.8841642222222221 0.8352649004629629 0.8093841643518518 0.8327814560185186 0.8035190624999999 0.8269867546296297 0.8035190624999999 0.8195364236111111 0.834310849537037 0.8129139074074074 0.9296187685185185 0.8245033101851852 0.9384164212962963 0.829470199074074 0.9325513194444445 0.8377483449074075 0.8841642222222221
0 0.8658940393518518 0.856304986111111 0.8658940393518518 0.8255131967592592 0.8584437083333334 0.8093841643518518 0.8543046365740741 0.8108504398148149 0.8543046365740741 0.8211143703703704 0.8443708611111111 0.8548387106481482 0.8427152314814814 0.8988269791666667 0.8418874166666667 0.941348974537037 0.8509933773148148 0.944281525462963 0.8592715231481483 0.9296187685185185 0.8658940393518518 0.856304986111111
0 0.8228476828703704 0.8196480949074074 0.8170529791666666 0.8035190624999999 0.810430462962963 0.8064516134259259 0.8087748333333334 0.8137829907407408 0.8071192060185185 0.8533724328703703 0.8062913912037037 0.9237536666666666 0.810430462962963 0.9266862175925925 0.8170529791666666 0.8988269791666667 0.8228476828703704 0.8196480949074074
0 0.7417218541666666 0.6744868032407408 0.7334437083333334 0.664222875 0.7251655625 0.6891495601851851 0.7235099328703704 0.7551319652777778 0.7276490069444445 0.7653958935185186 0.7392384097222222 0.7551319652777778 0.7417218541666666 0.6744868032407408
0 0.7028145694444445 0.7111436944444444 0.7110927152777777 0.7023460416666667 0.7168874166666667 0.7096774189814815 0.7177152314814814 0.643695013888889 0.7028145694444445 0.5997067453703703 0.6961920532407407 0.6158357777777779 0.695364238425926 0.6466275671296297 0.7011589398148148 0.6818181828703703 0.7011589398148148 0.7082111435185184 0.7028145694444445 0.7111436944444444
0 0.6887417222222223 0.6700879768518518 0.6912251666666666 0.6173020532407407 0.6862582777777777 0.5982404699074074 0.6821192060185185 0.5997067453703703 0.6771523171296296 0.612903226851852 0.6771523171296296 0.6466275671296297 0.6804635763888889 0.6612903217592593 0.6887417222222223 0.6700879768518518
0 0.685430462962963 0.695014662037037 0.685430462962963 0.6744868032407408 0.6821192060185185 0.636363636574074 0.674668875 0.6275659814814815 0.6713576157407408 0.640762462962963 0.6697019861111111 0.6891495601851851 0.6754966898148148 0.6979472129629629 0.6829470208333334 0.6979472129629629 0.685430462962963 0.695014662037037
0 0.1986754976851852 0.6539589444444445 0.19205297916666667 0.6583577708333332 0.18460264814814817 0.6818181828703703 0.18956953703703705 0.7448680347222222 0.2011589398148148 0.7448680347222222 0.20447019907407407 0.7346041064814814 0.1986754976851852 0.6539589444444445
0 0.1258278148148148 0.7111436944444444 0.12168874074074074 0.7023460416666667 0.11589403935185186 0.7067448680555556 0.11341059490740742 0.7272727268518518 0.12086092824074074 0.7419354837962963 0.1258278148148148 0.7258064513888889 0.1258278148148148 0.7111436944444444
0 0.11589403935185186 0.7609970671296297 0.11920529861111112 0.7551319652777778 0.11754966898148149 0.7434017592592593 0.10430463657407409 0.7111436944444444 0.09768211805555556 0.7067448680555556 0.0943708611111111 0.7126099699074074 0.08195364351851851 0.7609970671296297 0.09188741666666667 0.7683284467592593 0.1051324513888889 0.7683284467592593 0.11589403935185186 0.7609970671296297
0 0.2384105949074074 0.6290322569444444 0.24006622453703702 0.612903226851852 0.23344370833333336 0.5909090902777778 0.2251655625 0.6099706736111111 0.22268211805555554 0.6290322569444444 0.22682119212962965 0.6392961875 0.23096026388888888 0.6392961875 0.2384105949074074 0.6290322569444444
0 0.2822847685185185 0.5953079189814815 0.26407284722222224 0.5733137824074074 0.25827814583333336 0.5733137824074074 0.25496688657407407 0.6070381226851852 0.27566225231481484 0.6202346041666666 0.2822847685185185 0.6187683287037037 0.2822847685185185 0.5953079189814815
0 0.6332781458333334 0.5366568912037037 0.6316225162037037 0.5425219930555556 0.6316225162037037 0.5659824050925926 0.6365894050925925 0.5689149560185185 0.6382450324074074 0.5381231666666667 0.6332781458333334 0.5366568912037037
0 0.6018211921296297 0.5073313773148148 0.5951986759259259 0.49413489814814815 0.5943708611111111 0.527859238425926 0.5951986759259259 0.5366568912037037 0.5993377476851852 0.5395894421296297 0.6018211921296297 0.5073313773148148
0 0.6158940393518518 0.5131964814814816 0.6109271527777778 0.5175953078703703 0.6100993379629629 0.5425219930555556 0.6158940393518518 0.555718474537037 0.6183774837962963 0.5190615833333333 0.6158940393518518 0.5131964814814816
0 0.5877483449074075 0.4809384166666667 0.5860927152777777 0.501466275462963 0.5885761597222222 0.5073313773148148 0.5918874166666667 0.4956011736111111 0.5877483449074075 0.4809384166666667