0 0.5206953634259259 0.5118343194444445 0.5049668865740741 0.6242603541666667 0.4991721851851852 0.630177513888889 0.5099337754629629 0.6375739652777779 0.5165562916666667 0.6331360949074074 0.5248344375 0.5724852060185186 0.5314569537037037 0.5680473379629629 0.5389072847222223 0.6094674560185185 0.5463576157407407 0.6094674560185185 0.539735099537037 0.5399408287037036 0.5430463564814815 0.5236686388888889 0.5546357615740741 0.5044378703703704 0.549668875 0.4733727800925926 0.5339403981481481 0.4497041412037037 0.5331125833333333 0.4319526620370371 0.5256622523148148 0.4260355023148148 0.5190397361111111 0.43786982175925926 0.5231788078703704 0.4526627222222222 0.5173841064814815 0.46301775231481485 0.5165562916666667 0.5029585810185185 0.5206953634259259 0.5118343194444445
0 0.450331125 0.6420118333333333 0.4445364236111111 0.650887574074074 0.450331125 0.6582840231481482 0.4577814560185185 0.7056213009259259 0.5033112592592592 0.826923076388889 0.5107615902777778 0.826923076388889 0.5190397361111111 0.7855029583333334 0.5074503310185186 0.7322485208333334 0.5016556296296296 0.6863905324074074 0.4917218541666667 0.650887574074074 0.4917218541666667 0.636094673611111 0.49503311342592593 0.5621301782407407 0.5132450324074074 0.5310650879629629 0.514900662037037 0.5103550300925926 0.5124172175925926 0.4985207106481482 0.4942052986111111 0.4911242592592593 0.48427152314814814 0.5251479282407407 0.46605960185185186 0.5340236689814815 0.4329470208333333 0.575443787037037 0.43460264814814814 0.5961538472222222 0.4437086087962963 0.6227810648148149 0.450331125 0.6272189351851851 0.450331125 0.6420118333333333
0 0.4180463564814815 0.7751479282407407 0.43874172222222224 0.8002958587962963 0.4561258287037037 0.8609467453703703 0.46523178703703705 0.8772189351851851 0.4677152314814815 0.8979289930555555 0.4627483449074074 0.9112426041666667 0.464403974537037 0.9186390532407408 0.4817880787037037 0.8920118333333333 0.48427152314814814 0.7988165671296296 0.47930463657407407 0.7514792893518518 0.4726821180555556 0.7278106504629629 0.450331125 0.6982248518518518 0.4445364236111111 0.6642011828703703 0.43708609259259257 0.6494082847222222 0.424668875 0.6464497037037037 0.41390728472222227 0.6686390532407408 0.41390728472222227 0.6878698217592593 0.4213576157407407 0.7159763310185185 0.4271523171296296 0.7248520717592593 0.4180463564814815 0.7751479282407407
0 0.4619205300925926 0.9142011828703703 0.46605960185185186 0.900887574074074 0.464403974537037 0.8772189351851851 0.43708609259259257 0.7988165671296296 0.4221854305555556 0.7795857986111111 0.3923841064814815 0.7855029583333334 0.3923841064814815 0.7928994074074074 0.3766556296296296 0.826923076388889 0.3766556296296296 0.8683431944444444 0.3816225162037037 0.8979289930555555 0.37996688657407407 0.9245562129629629 0.3841059606481481 0.9393491134259259 0.3807947013888889 0.9600591712962964 0.3692052986111111 0.9807692314814815 0.3576158935185185 0.9615384606481482 0.3576158935185185 0.9275147939814815 0.34933774768518516 0.9112426041666667 0.339403974537037 0.9171597638888889 0.3327814560185185 0.9304733726851852 0.3435430462962963 0.9985207106481482 0.4718543055555556 0.9985207106481482 0.47019867592592596 0.9585798819444444 0.4619205300925926 0.9142011828703703
0 0.35099337731481484 0.5961538472222222 0.35099337731481484 0.6671597638888889 0.3551324513888889 0.6997041412037037 0.36258278240740743 0.6997041412037037 0.3634105949074074 0.6845414189814816 0.3725165555555556 0.6760355023148149 0.3774834444444444 0.6878698217592593 0.3865894050925926 0.6849112430555556 0.3816225162037037 0.6582840231481482 0.3816225162037037 0.5866863912037037 0.3865894050925926 0.5680473379629629 0.38990066203703705 0.5680473379629629 0.39072847685185186 0.5458579884259259 0.37913907175925926 0.49408284027777777 0.365066224537037 0.4733727800925926 0.36258278240740743 0.4511834328703704 0.35264900694444445 0.4526627222222222 0.3518211921296296 0.47041420138888884 0.3418874166666667 0.49556212962962964 0.33609271527777773 0.5310650879629629 0.33609271527777773 0.5784023657407408 0.3377483449074074 0.5843195277777778 0.34850993287037035 0.5828402361111111 0.35099337731481484 0.5961538472222222
0 0.3998344375 0.5562130185185185 0.4039735092592593 0.560650886574074 0.4188741712962963 0.5458579884259259 0.4172185439814815 0.47781065046296295 0.4213576157407407 0.4718934907407408 0.4172185439814815 0.44526627314814815 0.4064569537037037 0.4201183425925926 0.40149006712962965 0.424556212962963 0.40149006712962965 0.439349113425926 0.3940397361111111 0.45562130092592595 0.3932119212962963 0.4659763310185185 0.40066225231481484 0.5 0.4023178819444444 0.5399408287037036 0.3998344375 0.5562130185185185
0 0.4445364236111111 0.5369822476851852 0.44288079398148145 0.49211094675925926 0.44701986805555555 0.4511834328703704 0.43874172222222224 0.4201183425925926 0.4329470208333333 0.424556212962963 0.4329470208333333 0.43786982175925926 0.42880794675925926 0.4437869814814815 0.42798013194444445 0.4866863912037037 0.43460264814814814 0.5443786990740741 0.43874172222222224 0.5458579884259259 0.4445364236111111 0.5369822476851852
0 0.4528145694444444 0.5399408287037036 0.4528145694444444 0.4807692314814815 0.44867549768518517 0.4600591712962963 0.4453642384259259 0.4571005925925926 0.4420529791666667 0.4822485208333333 0.4437086087962963 0.5221893495370371 0.4478476828703704 0.5384615393518518 0.4528145694444444 0.5399408287037036
0 0.5157284768518519 0.39792899305555557 0.5099337754629629 0.3964497037037037 0.5049668865740741 0.40976331250000003 0.5033112592592592 0.44526627314814815 0.5082781458333333 0.4837278101851852 0.5165562916666667 0.44526627314814815 0.5157284768518519 0.39792899305555557
0 0.5480132453703704 0.41272189351851857 0.539735099537037 0.40532544444444446 0.5389072847222223 0.4423076921296296 0.5430463564814815 0.45562130092592595 0.5488410601851852 0.4215976342592593 0.5480132453703704 0.41272189351851857
0 0.2980132453703704 0.4926035509259259 0.2922185439814815 0.485207099537037 0.28476821296296295 0.46153846064814813 0.27897350925925923 0.46301775231481485 0.27235099305555555 0.4985207106481482 0.26407284722222224 0.5221893495370371 0.2632450324074074 0.5340236689814815 0.26655629166666667 0.5355029583333333 0.29884106018518514 0.514792900462963 0.2980132453703704 0.4926035509259259