0 0.3393393402777778 0.7546916898148148 0.338588587962963 0.7305630023148147 0.3333333333333333 0.7158176944444444 0.3250750740740741 0.7238605902777778 0.3250750740740741 0.7600536203703704 0.3310810810185185 0.772117962962963 0.33258258333333335 0.7627345833333334 0.3393393402777778 0.7546916898148148
0 0.3408408402777778 0.8257372662037037 0.3475975972222222 0.8109919560185185 0.34834834722222224 0.7815013402777778 0.338588587962963 0.7573726550925926 0.33483483564814814 0.7560321712962964 0.3318318310185185 0.7640750671296296 0.3273273263888889 0.8029490625 0.33483483564814814 0.8378016087962963 0.3393393402777778 0.8378016087962963 0.3408408402777778 0.8257372662037037
0 0.36261261342592593 0.8954423587962963 0.3611111111111111 0.8552278819444444 0.33783783796296296 0.8337801597222223 0.33633633564814813 0.8418230555555555 0.3423423425925926 0.8619302939814815 0.33783783796296296 0.8927613935185186 0.36261261342592593 0.8954423587962963
0 0.37162162268518517 0.9718498657407407 0.375375375 0.9571045578703704 0.37387387499999997 0.9329758703703703 0.3656156157407407 0.9302949050925926 0.3588588587962963 0.9343163541666667 0.349849849537037 0.9504021458333334 0.34909909953703705 0.973190349537037 0.35360360416666664 0.9986595185185185 0.3723723726851852 0.9986595185185185 0.37162162268518517 0.9718498657407407
0 0.286036037037037 0.6058981226851853 0.286036037037037 0.6112600532407407 0.286786787037037 0.6085790879629629 0.28978978935185185 0.6045576412037037 0.28978978935185185 0.5951742638888888 0.29279279166666666 0.5871313680555555 0.28978978935185185 0.5750670231481482 0.286036037037037 0.5750670231481482 0.28453453472222223 0.5804289537037037 0.28453453472222223 0.5857908842592593 0.2837837847222222 0.5871313680555555 0.2837837847222222 0.5991957106481481 0.286036037037037 0.6058981226851853
0 0.2995495486111111 0.5938337800925927 0.2995495486111111 0.6005361921296297 0.3003003009259259 0.6032171574074074 0.30255255324074076 0.5991957106481481 0.30330330324074073 0.5991957106481481 0.30405405324074075 0.5844504027777778 0.30255255324074076 0.5817694375 0.30255255324074076 0.5710455763888889 0.3018018009259259 0.5670241296296296 0.3003003009259259 0.5643431643518518 0.2972972962962963 0.5643431643518518 0.2965465462962963 0.5656836458333333 0.2942942939814815 0.5777479884259259 0.2942942939814815 0.5804289537037037 0.2965465462962963 0.5911528148148149 0.2995495486111111 0.5938337800925927
0 0.2890390393518518 0.6032171574074074 0.28978978935185185 0.6005361921296297 0.28978978935185185 0.5938337800925927 0.2912912916666667 0.5911528148148149 0.29279279166666666 0.5844504027777778 0.29204204166666664 0.5831099189814815 0.29279279166666666 0.5790884722222223 0.29279279166666666 0.5710455763888889 0.2942942939814815 0.5670241296296296 0.29354354398148147 0.5616621990740741 0.29279279166666666 0.5603217152777777 0.28978978935185185 0.5630026805555556 0.2890390393518518 0.5656836458333333 0.2890390393518518 0.5697050949074074 0.286036037037037 0.5750670231481482 0.28453453472222223 0.5831099189814815 0.28453453472222223 0.5978552268518519 0.286036037037037 0.6032171574074074 0.2890390393518518 0.6032171574074074
0 0.2830330324074074 0.5844504027777778 0.28528528472222225 0.5804289537037037 0.286036037037037 0.5804289537037037 0.2890390393518518 0.5697050949074074 0.28978978935185185 0.5630026805555556 0.28978978935185185 0.5549597847222222 0.286036037037037 0.55764075 0.28453453472222223 0.5603217152777777 0.28228228240740744 0.5723860578703704 0.28228228240740744 0.5790884722222223 0.2830330324074074 0.5804289537037037 0.2830330324074074 0.5844504027777778
0 0.23048048148148148 0.5549597847222222 0.2319819814814815 0.55764075 0.23348348379629627 0.5643431643518518 0.2342342337962963 0.5643431643518518 0.23573573611111112 0.5603217152777777 0.23573573611111112 0.5563002685185185 0.2364864861111111 0.5549597847222222 0.23573573611111112 0.5442359259259258 0.2342342337962963 0.5361930300925926 0.23048048148148148 0.537533511574074 0.22972972916666667 0.5402144768518519 0.22972972916666667 0.5482573726851852 0.23048048148148148 0.5495978541666667 0.23048048148148148 0.5549597847222222
0 0.16066065972222224 0.4651474537037037 0.16141141203703704 0.4678284189814815 0.16441441435185186 0.47050938425925926 0.16591591666666666 0.4638069699074074 0.16591591666666666 0.4544235925925926 0.16666666666666666 0.45308310879629626 0.16591591666666666 0.44235925000000004 0.16516516435185183 0.43967828472222226 0.16141141203703704 0.43967828472222226 0.16066065972222224 0.44101876620370367 0.15990990972222222 0.44369973148148145 0.15990990972222222 0.4557640740740741 0.16066065972222224 0.45710455787037035 0.16066065972222224 0.4651474537037037
0 0.0915915925925926 0.7600536203703704 0.10660660648148149 0.7573726550925926 0.1088588587962963 0.7560321712962964 0.1111111111111111 0.752010724537037 0.11411411342592592 0.7359249328703704 0.1118618611111111 0.7265415555555556 0.1096096087962963 0.7225201064814816 0.10660660648148149 0.7225201064814816 0.10510510416666667 0.7252010717592592 0.10435435416666666 0.7332439675925926 0.10060059953703704 0.7399463796296296 0.09534534490740741 0.7453083101851852 0.09009009027777778 0.7466487939814814 0.08708708796296297 0.7493297592592593 0.08408408333333332 0.7546916898148148 0.08708708796296297 0.758713136574074 0.09084084027777778 0.758713136574074 0.0915915925925926 0.7600536203703704
0 0.10510510416666667 0.7815013402777778 0.10585585648148149 0.7841823055555556 0.10510510416666667 0.8029490625 0.10660660648148149 0.8069705092592593 0.10660660648148149 0.8109919560185185 0.1088588587962963 0.8190348518518519 0.1096096087962963 0.8257372662037037 0.1081081087962963 0.8270777476851853 0.1081081087962963 0.8310991967592593 0.1088588587962963 0.8337801597222223 0.11711711805555555 0.8337801597222223 0.11861861805555556 0.8297587129629629 0.11786786805555556 0.8270777476851853 0.11636636574074073 0.8016085787037037 0.11636636574074073 0.7922252013888889 0.11711711805555555 0.7908847175925926 0.11711711805555555 0.7761394097222222 0.11636636574074073 0.7747989282407408 0.11636636574074073 0.7707774791666666 0.11336336342592593 0.7667560324074074 0.1111111111111111 0.7667560324074074 0.11036036111111112 0.765415548611111 0.10585585648148149 0.7680965138888889 0.10360360416666667 0.772117962962963 0.10435435416666666 0.7761394097222222 0.10585585648148149 0.778820375 0.10510510416666667 0.7815013402777778
0 0.09534534490740741 0.7989276134259259 0.09609609722222222 0.8002680972222223 0.09684684722222221 0.8257372662037037 0.09834834722222222 0.8310991967592593 0.10210210185185185 0.8310991967592593 0.10210210185185185 0.8150134050925926 0.10285285185185185 0.8136729212962963 0.10285285185185185 0.8069705092592593 0.1081081087962963 0.7855227893518518 0.1088588587962963 0.772117962962963 0.1096096087962963 0.7694369976851853 0.1081081087962963 0.7667560324074074 0.09984984953703703 0.7667560324074074 0.09759759722222222 0.7680965138888889 0.09534534490740741 0.772117962962963 0.09684684722222221 0.7761394097222222 0.09534534490740741 0.782841824074074 0.09534534490740741 0.7989276134259259
0 0.19219219212962965 0.9959785532407408 0.2027027037037037 0.9946380694444444 0.2057057060185185 0.9919571041666666 0.2064564560185185 0.9530831087962963 0.20495495601851854 0.9463806967592592 0.19819819907407407 0.931635388888889 0.19669669675925924 0.9302949050925926 0.19219219212962965 0.931635388888889 0.1876876875 0.9530831087962963 0.1876876875 0.962466488425926 0.19069068981481482 0.9879356574074074 0.19219219212962965 0.9959785532407408
0 0.2064564560185185 0.9571045578703704 0.20720720833333334 0.9745308310185186 0.21021021064814815 0.9785522777777778 0.21171171064814814 0.973190349537037 0.21171171064814814 0.9651474537037037 0.21321321296296297 0.9597855231481481 0.21396396296296297 0.9463806967592592 0.21171171064814814 0.9396782847222221 0.21171171064814814 0.9343163541666667 0.21021021064814815 0.9262734583333333 0.20720720833333334 0.9168900810185185 0.2064564560185185 0.9155495972222222 0.2027027037037037 0.9155495972222222 0.2012012013888889 0.9195710462962963 0.19969969907407406 0.9276139421296296 0.19969969907407406 0.9343163541666667 0.2027027037037037 0.9410187662037037 0.2064564560185185 0.9571045578703704
0 0.1876876875 0.993297587962963 0.1876876875 0.989276138888889 0.18693693749999998 0.9879356574074074 0.18693693749999998 0.9772117962962964 0.1831831828703704 0.9597855231481481 0.18168168055555556 0.9584450393518518 0.17867867824074074 0.9584450393518518 0.17717717824074075 0.9611260046296296 0.17792792824074072 0.9986595185185185 0.18918918981481483 0.9986595185185185 0.1876876875 0.993297587962963
0 0.12312312268518519 0.6890080439814815 0.11936937037037038 0.6608579097222221 0.11561561574074074 0.6568364606481482 0.1088588587962963 0.6729222523148147 0.1081081087962963 0.6849865949074074 0.11336336342592593 0.710455763888889 0.12012012037037037 0.7144772106481482 0.12312312268518519 0.6890080439814815