0 0.05789473611111111 0.7513440856481481 0.059398495370370376 0.715053763888889 0.046616541666666664 0.6814516134259259 0.04135338425925926 0.6854838703703704 0.04060150462962963 0.7002688171296296 0.03157894675925926 0.715053763888889 0.028571428240740743 0.727150537037037 0.03909774537037037 0.7459677430555556 0.049624060185185184 0.7540322569444444 0.05789473611111111 0.7513440856481481
0 0.08270676620370371 0.7190860208333333 0.07443609027777777 0.6868279560185185 0.06541353472222222 0.6908602152777777 0.06616541435185186 0.7069892476851852 0.06315789583333332 0.7190860208333333 0.06390977546296296 0.7607526874999999 0.07593984953703704 0.7755376342592593 0.08571428472222221 0.7782258055555556 0.08270676620370371 0.7190860208333333
0 0.19398496296296294 0.7190860208333333 0.19323308333333333 0.6989247314814814 0.20075187962962962 0.6881720439814815 0.18270676620370369 0.6559139791666667 0.17819548842592592 0.6545698935185186 0.1744360902777778 0.659946236111111 0.17067669212962963 0.6733870972222222 0.17142857175925924 0.6989247314814814 0.18796992592592593 0.7190860208333333 0.19398496296296294 0.7190860208333333
0 0.22030075231481483 0.6895161296296296 0.21654135416666667 0.6895161296296296 0.2030075185185185 0.7137096782407407 0.2022556388888889 0.727150537037037 0.2248120300925926 0.727150537037037 0.22857142824074075 0.7231182800925926 0.22030075231481483 0.6895161296296296
0 0.26616541435185187 0.7419354837962963 0.2751879699074074 0.7258064513888889 0.2766917291666667 0.6760752685185186 0.2699248125 0.6639784953703703 0.2669172939814815 0.647849462962963 0.26165413425925926 0.647849462962963 0.2586466157407407 0.6626344097222222 0.25112781944444446 0.6733870972222222 0.24962406018518518 0.6814516134259259 0.2571428564814815 0.7043010763888888 0.26165413425925926 0.7405913981481481 0.26616541435185187 0.7419354837962963
0 0.37368421064814816 0.7352150532407408 0.3812030069444444 0.705645162037037 0.3819548865740741 0.6559139791666667 0.375939849537037 0.6303763449074075 0.36842105324074076 0.6330645162037037 0.3624060138888889 0.647849462962963 0.3624060138888889 0.6680107523148148 0.36766917361111107 0.727150537037037 0.37368421064814816 0.7352150532407408
0 0.5406015046296296 0.7741935486111111 0.5300751875 0.7446236550925925 0.5255639097222222 0.7419354837962963 0.5210526319444445 0.7446236550925925 0.5210526319444445 0.7594086018518519 0.5135338356481481 0.7822580648148147 0.5127819560185185 0.7903225810185185 0.5187969930555556 0.794354837962963 0.5383458657407407 0.7862903217592593 0.5406015046296296 0.7741935486111111
0 0.5045112777777777 0.7231182800925926 0.5037593981481481 0.7096774189814815 0.5060150370370371 0.7096774189814815 0.5060150370370371 0.6706989236111112 0.49924812037037036 0.6505376342592593 0.49924812037037036 0.6357526874999999 0.4947368425925926 0.6357526874999999 0.4879699259259259 0.6706989236111112 0.4879699259259259 0.705645162037037 0.49097744444444447 0.7298387106481482 0.49548872222222223 0.7419354837962963 0.5045112777777777 0.7231182800925926
0 0.5082706759259259 0.6263440856481481 0.5015037592592593 0.6290322569444444 0.5007518796296296 0.6505376342592593 0.5082706759259259 0.6666666666666666 0.5127819560185185 0.6438172037037037 0.5082706759259259 0.6263440856481481
0 0.5285714282407408 0.7123655902777778 0.5323308263888888 0.6868279560185185 0.5300751875 0.6532258055555556 0.521804511574074 0.6357526874999999 0.5150375949074074 0.6465053773148148 0.5135338356481481 0.6586021504629629 0.5112781944444444 0.682795699074074 0.518045113425926 0.7110215046296297 0.521804511574074 0.715053763888889 0.5285714282407408 0.7123655902777778
0 0.5383458657407407 0.6962365601851852 0.5406015046296296 0.6975806458333333 0.5533834583333334 0.6680107523148148 0.554135337962963 0.6572580648148147 0.5503759398148148 0.6357526874999999 0.5436090231481482 0.6196236550925925 0.539849625 0.6182795694444444 0.5338345856481482 0.637096773148148 0.5323308263888888 0.6532258055555556 0.536090224537037 0.6559139791666667 0.5390977453703704 0.6689072569444444 0.5383458657407407 0.6962365601851852
0 0.5609022546296296 0.6881720439814815 0.5548872175925926 0.6706989236111112 0.5458646620370371 0.682795699074074 0.5421052638888889 0.7002688171296296 0.5451127824074073 0.7392473125000001 0.5563909768518519 0.7419354837962963 0.5616541342592593 0.7069892476851852 0.5609022546296296 0.6881720439814815
0 0.5368421041666667 0.705645162037037 0.5285714282407408 0.6989247314814814 0.5203007523148148 0.7298387106481482 0.5203007523148148 0.7405913981481481 0.5323308263888888 0.7486559143518519 0.539849625 0.7365591388888889 0.5368421041666667 0.705645162037037
0 0.5812030069444445 0.8279569884259259 0.5849624050925926 0.8010752685185186 0.5864661643518518 0.7473118287037037 0.584210525462963 0.7029569884259259 0.5789473680555556 0.6989247314814814 0.5736842106481481 0.7029569884259259 0.5721804513888888 0.7163978495370371 0.563909775462963 0.727150537037037 0.563909775462963 0.7607526874999999 0.5691729328703704 0.8104838703703704 0.575939849537037 0.8346774189814815 0.5812030069444445 0.8279569884259259
0 0.608270675925926 0.6411290324074074 0.6030075185185185 0.6048387106481482 0.5984962407407408 0.602150537037037 0.5924812037037037 0.6223118287037037 0.5947368425925925 0.6653225810185185 0.5992481203703703 0.6720430115740741 0.6052631574074074 0.6706989236111112 0.608270675925926 0.6411290324074074
0 0.6195488726851851 0.6397849467592592 0.6127819560185186 0.6102150532407408 0.6067669166666667 0.6075268819444445 0.6075187962962963 0.6653225810185185 0.615789474537037 0.6747311828703704 0.6187969930555555 0.6720430115740741 0.6195488726851851 0.6397849467592592
0 0.6458646620370371 0.692204300925926 0.6503759398148148 0.6895161296296296 0.6526315787037037 0.6814516134259259 0.6518796990740741 0.6559139791666667 0.6436090231481482 0.6142473125000001 0.639849625 0.612903226851852 0.6315789467592593 0.6344086018518519 0.6308270671296297 0.647849462962963 0.6353383449074074 0.6559139791666667 0.6375939861111112 0.6747311828703704 0.6458646620370371 0.692204300925926
0 0.6684210532407407 0.6559139791666667 0.6661654143518518 0.6317204305555556 0.660150375 0.6142473125000001 0.6556390972222222 0.6169354837962963 0.6511278194444444 0.6344086018518519 0.6526315787037037 0.6586021504629629 0.6571428564814815 0.6760752685185186 0.663909775462963 0.6747311828703704 0.6684210532407407 0.6559139791666667
0 0.684210525462963 0.6317204305555556 0.6774436087962963 0.6142473125000001 0.6736842106481482 0.612903226851852 0.6684210532407407 0.6330645162037037 0.6676691736111111 0.6801075277777777 0.6819548865740741 0.682795699074074 0.6849624050925925 0.669354837962963 0.684210525462963 0.6317204305555556
0 0.7255639097222222 0.669354837962963 0.7278195486111111 0.6290322569444444 0.7195488726851852 0.6061827962962963 0.7150375949074074 0.6088709675925926 0.7090225555555556 0.6411290324074074 0.7135338356481482 0.6720430115740741 0.7225563912037037 0.6733870972222222 0.7255639097222222 0.669354837962963
0 0.763909775462963 0.8010752685185186 0.7609022546296296 0.8293010763888888 0.7729323310185185 0.8266129027777778 0.775939849537037 0.8319892476851852 0.7796992476851853 0.830645162037037 0.7827067662037037 0.7903225810185185 0.7781954884259259 0.7647849467592592 0.7774436087962963 0.7043010763888888 0.7691729328703704 0.7016129027777778 0.763909775462963 0.7190860208333333 0.7646616550925927 0.7526881712962963 0.7601503749999999 0.7701612893518518 0.7601503749999999 0.7876344097222222 0.763909775462963 0.8010752685185186
0 0.7406015046296296 0.647849462962963 0.7383458657407408 0.6612903217592593 0.7390977453703704 0.6760752685185186 0.7511278194444444 0.6720430115740741 0.7458646620370369 0.6451612893518518 0.7406015046296296 0.647849462962963
0 0.7646616550925927 0.6518817199074074 0.7616541342592592 0.6572580648148147 0.7616541342592592 0.6747311828703704 0.7751879699074075 0.6747311828703704 0.7699248125000001 0.6532258055555556 0.7646616550925927 0.6518817199074074
0 0.7894736851851852 0.6330645162037037 0.7834586458333334 0.6196236550925925 0.7781954884259259 0.6196236550925925 0.7744360902777778 0.6317204305555556 0.7774436087962963 0.6854838703703704 0.7827067662037037 0.6895161296296296 0.7924812037037037 0.6639784953703703 0.7894736851851852 0.6330645162037037
0 0.8105263148148147 0.625 0.8015037592592592 0.6155913981481481 0.7977443611111111 0.6048387106481482 0.7902255648148149 0.6088709675925926 0.7872180439814814 0.625 0.7924812037037037 0.6653225810185185 0.8030075185185185 0.6706989236111112 0.8105263148148147 0.625
0 0.8616541342592592 0.6344086018518519 0.8526315787037037 0.6142473125000001 0.8488721805555556 0.6155913981481481 0.8451127824074075 0.6303763449074075 0.8443609027777778 0.6639784953703703 0.8496240601851852 0.6895161296296296 0.8556390972222223 0.6908602152777777 0.8616541342592592 0.6344086018518519
0 0.8353383449074074 0.669354837962963 0.8383458657407408 0.6612903217592593 0.8270676689814814 0.6680107523148148 0.824060150462963 0.6747311828703704 0.8195488726851852 0.7002688171296296 0.8300751875000001 0.7043010763888888 0.836090224537037 0.6989247314814814 0.8353383449074074 0.669354837962963
0 0.8661654143518519 0.8239247314814814 0.8759398495370371 0.8266129027777778 0.8804511273148149 0.8064516134259259 0.8789473680555555 0.7567204305555556 0.8691729328703703 0.727150537037037 0.8624060138888888 0.7325268819444445 0.863909775462963 0.7688172037037037 0.8556390972222223 0.7782258055555556 0.8526315787037037 0.7983870972222222 0.851879699074074 0.8064516134259259 0.8578947361111111 0.8185483865740741 0.8571428564814815 0.8333333333333334 0.8661654143518519 0.8239247314814814
0 0.9052631574074075 0.8427419351851853 0.9097744351851852 0.8346774189814815 0.9127819560185185 0.8145161296296296 0.9127819560185185 0.7607526874999999 0.9105263148148148 0.7473118287037037 0.9007518796296297 0.7284946226851852 0.8969924814814815 0.7258064513888889 0.8939849629629629 0.7352150532407408 0.8969924814814815 0.7567204305555556 0.8909774444444445 0.8346774189814815 0.8977443611111111 0.8427419351851853 0.9052631574074075 0.8427419351851853
0 0.8827067662037037 0.6491935486111111 0.8796992476851853 0.6263440856481481 0.8729323310185185 0.6115591388888889 0.8691729328703703 0.6115591388888889 0.8646616550925926 0.625 0.8624060138888888 0.6330645162037037 0.8676691736111111 0.669354837962963 0.8796992476851853 0.6680107523148148 0.8827067662037037 0.6491935486111111
0 0.8969924814814815 0.6451612893518518 0.9022556388888888 0.6317204305555556 0.8977443611111111 0.6061827962962963 0.8924812037037037 0.6088709675925926 0.8879699259259259 0.6303763449074075 0.8872180439814814 0.6760752685185186 0.8902255648148149 0.6841397847222223 0.896240601851852 0.6747311828703704 0.8969924814814815 0.6451612893518518
0 0.9135338356481482 0.6330645162037037 0.9105263148148148 0.6209677430555556 0.9045112777777778 0.6196236550925925 0.896240601851852 0.6411290324074074 0.8984962407407407 0.6706989236111112 0.9090225555555556 0.6720430115740741 0.9135338356481482 0.6612903217592593 0.9135338356481482 0.6330645162037037
0 0.9526315787037036 0.7231182800925926 0.9563909768518519 0.7137096782407407 0.9496240601851852 0.6330645162037037 0.9458646620370371 0.6303763449074075 0.9421052638888888 0.6357526874999999 0.9368421041666666 0.6572580648148147 0.9338345856481481 0.6747311828703704 0.9353383449074074 0.7190860208333333 0.9413533842592593 0.7244623657407407 0.9526315787037036 0.7231182800925926
0 0.9827067662037037 0.6397849467592592 0.9699248125 0.625 0.9593984953703704 0.6505376342592593 0.9646616550925926 0.6975806458333333 0.9766917291666667 0.6975806458333333 0.9827067662037037 0.6586021504629629 0.9827067662037037 0.6397849467592592