0 0.1569069074074074 0.9235924930555556 0.14714714814814814 0.9034852546296297 0.1433933935185185 0.9075067013888889 0.1396396388888889 0.9276139421296296 0.14489489583333334 0.993297587962963 0.1554054050925926 0.9986595185185185 0.162162162037037 0.9544235925925926 0.1569069074074074 0.9235924930555556
0 0.13288288194444445 0.9611260046296296 0.1381381388888889 0.9517426273148147 0.13363363425925925 0.9396782847222221 0.13138138194444446 0.9182305625 0.126126125 0.911528150462963 0.11861861805555556 0.9383378009259259 0.12087087037037038 0.9906166226851851 0.12312312268518519 0.9986595185185185 0.13213213194444443 0.9986595185185185 0.13288288194444445 0.9611260046296296
0 0.14864864814814815 0.8471849861111111 0.1418918912037037 0.8297587129629629 0.1381381388888889 0.8310991967592593 0.13288288194444445 0.8471849861111111 0.13213213194444443 0.8726541550925927 0.1403903912037037 0.9088471851851851 0.14864864814814815 0.9021447731481481 0.14864864814814815 0.8471849861111111
0 0.12012012037037037 0.9168900810185185 0.1268768773148148 0.9101876666666667 0.126126125 0.8793565694444445 0.12387387500000001 0.8512064351851852 0.11636636574074073 0.8324396782407407 0.11261261342592592 0.8351206435185184 0.1096096087962963 0.8605898124999999 0.1088588587962963 0.8806970509259259 0.11486486574074074 0.8941018773148147 0.11636636574074073 0.9128686319444443 0.12012012037037037 0.9168900810185185
0 0.12987987962962963 0.703753351851852 0.12312312268518519 0.6890080439814815 0.11636636574074073 0.703753351851852 0.11636636574074073 0.7198391412037037 0.12087087037037038 0.741286863425926 0.126126125 0.7439678287037036 0.12987987962962963 0.703753351851852
0 0.12312312268518519 0.7707774791666666 0.11711711805555555 0.7640750671296296 0.1118618611111111 0.7694369976851853 0.11036036111111112 0.7868632708333334 0.11411411342592592 0.8150134050925926 0.11786786805555556 0.8176943703703704 0.12312312268518519 0.7707774791666666
0 0.09534534490740741 0.8310991967592593 0.09834834722222222 0.8243967824074074 0.09984984953703703 0.782841824074074 0.09759759722222222 0.7747989282407408 0.0930930925925926 0.7734584444444444 0.08858858796296296 0.7855227893518518 0.08858858796296296 0.796246648148148 0.0915915925925926 0.8243967824074074 0.09534534490740741 0.8310991967592593
0 0.1546546550925926 0.7292225208333334 0.15090090046296295 0.7131367291666666 0.1441441435185185 0.7117962476851851 0.14264264351851852 0.717158175925926 0.14789789814814813 0.7546916898148148 0.15090090046296295 0.752010724537037 0.1546546550925926 0.7292225208333334
0 0.14714714814814814 0.7131367291666666 0.1381381388888889 0.7131367291666666 0.1388888888888889 0.7546916898148148 0.1441441435185185 0.7573726550925926 0.14714714814814814 0.7546916898148148 0.14714714814814814 0.7131367291666666
0 0.11636636574074073 0.6702412870370371 0.11636636574074073 0.6434316342592593 0.11261261342592592 0.6434316342592593 0.1081081087962963 0.6501340486111111 0.1081081087962963 0.6595174259259259 0.11036036111111112 0.6675603217592593 0.11636636574074073 0.6702412870370371
0 0.1011569074074074 0.7533941018518518 0.10725150231481483 0.7484477222222222 0.10891291203703704 0.744489275462963 0.10946696759259258 0.7326166226851852 0.10448123148148147 0.7256903495370369 0.10226501388888888 0.7326166226851852 0.10004954861111111 0.7375630023148148 0.09894144212962963 0.7464678287037038 0.08619894907407408 0.7494369976851851 0.08675300231481481 0.7543833773148149 0.09450900925925926 0.7543833773148149 0.1011569074074074 0.7533941018518518
0 0.08453753703703704 0.761309650462963 0.08786111111111111 0.761309650462963 0.09617117129629629 0.761309650462963 0.10725150231481483 0.7593310995370369 0.11223723611111111 0.751415548611111 0.11168318287037036 0.7405321712962963 0.11002102083333333 0.7415214467592592 0.10614339351851852 0.7484477222222222 0.09838738657407407 0.7533941018518518 0.08619894907407408 0.7533941018518518 0.0817672662037037 0.7593310995370369 0.08232132175925927 0.761309650462963 0.08453753703703704 0.761309650462963
0 0.14159909953703703 0.4892144768518519 0.14769369444444444 0.4892144768518519 0.152125375 0.4822882037037037 0.15600300231481481 0.47734048148148145 0.15600300231481481 0.4654678287037037 0.152125375 0.4654678287037037 0.1471396388888889 0.47140482638888886 0.14381531481481483 0.4753619305555556 0.13772147222222222 0.4803096504629629 0.1316276273148148 0.4803096504629629 0.12941141203703704 0.48822520138888886 0.13107357407407408 0.4892144768518519 0.14159909953703703 0.4892144768518519