0 0.2830330324074074 0.7131367291666666 0.286786787037037 0.7077747986111111 0.286786787037037 0.6568364606481482 0.28453453472222223 0.6447721180555556 0.2800300300925926 0.6474530833333333 0.27702702777777777 0.6581769444444445 0.27702702777777777 0.6796246643518518 0.2800300300925926 0.7077747986111111 0.2830330324074074 0.7131367291666666
0 0.27627627546296296 0.6246648796296297 0.2725225231481482 0.6260053611111112 0.2702702708333333 0.6353887407407407 0.2695195185185185 0.6528150138888889 0.275525525462963 0.6621983912037037 0.2800300300925926 0.6487935648148148 0.27627627546296296 0.6246648796296297
0 0.2537537546296296 0.6286863263888889 0.24624624537037038 0.6273458449074073 0.2447447453703704 0.6461125995370369 0.2477477476851852 0.6554959791666667 0.2522522523148148 0.6447721180555556 0.2537537546296296 0.6286863263888889
0 0.29504504398148146 0.5737265416666667 0.29354354398148147 0.5643431643518518 0.2890390393518518 0.5643431643518518 0.2837837847222222 0.5844504027777778 0.286036037037037 0.6005361921296297 0.29054054166666665 0.5978552268518519 0.29504504398148146 0.5737265416666667
0 0.28978978935185185 0.5563002685185185 0.2837837847222222 0.5656836458333333 0.28228228240740744 0.5804289537037037 0.286786787037037 0.5898123333333333 0.29279279166666666 0.5603217152777777 0.28978978935185185 0.5563002685185185
0 0.2695195185185185 0.5415549606481481 0.2650150138888889 0.5388739953703704 0.2627627638888889 0.5495978541666667 0.2627627638888889 0.5737265416666667 0.2665165162037037 0.5777479884259259 0.2695195185185185 0.5737265416666667 0.2695195185185185 0.5415549606481481
0 0.25150150231481483 0.537533511574074 0.2477477476851852 0.5442359259259258 0.24849849768518517 0.5737265416666667 0.25150150231481483 0.5804289537037037 0.2552552546296296 0.5469168912037037 0.25150150231481483 0.537533511574074
0 0.16441441435185186 0.43833780092592595 0.15990990972222222 0.44101876620370367 0.16066065972222224 0.4651474537037037 0.16441441435185186 0.47050938425925926 0.16591591666666666 0.44235925000000004 0.16441441435185186 0.43833780092592595
0 0.13374024074074076 0.4870134050925926 0.1393603611111111 0.48912600462962963 0.14616366435185185 0.48912600462962963 0.1517837847222222 0.4880697060185185 0.15562837731481483 0.47908981250000005 0.15355780787037038 0.4716930300925926 0.15089639583333334 0.47697587037037037 0.14111937037037037 0.4757479884259259 0.14083934027777778 0.48014611342592595 0.13669819907407407 0.48225871296296297 0.13374024074074076 0.4870134050925926
0 0.16441441435185186 0.8270777476851853 0.16741741666666668 0.8029490625 0.16291291203703703 0.772117962962963 0.1591591597222222 0.7640750671296296 0.1554054050925926 0.765415548611111 0.15165165277777778 0.789544236111111 0.15765765740740742 0.8284182314814814 0.16066065972222224 0.8324396782407407 0.16441441435185186 0.8270777476851853
0 0.1433933935185185 0.8512064351851852 0.15015015046296296 0.809651474537037 0.14939940046296296 0.796246648148148 0.14114114120370372 0.772117962962963 0.13738738657407407 0.7761394097222222 0.13213213194444443 0.8002680972222223 0.13138138194444446 0.8123324398148148 0.13738738657407407 0.8458445046296297 0.1388888888888889 0.8512064351851852 0.1433933935185185 0.8512064351851852
0 0.1223723726851852 0.8498659513888889 0.1276276273148148 0.8123324398148148 0.12312312268518519 0.7922252013888889 0.11936937037037038 0.7922252013888889 0.11561561574074074 0.8042895439814814 0.11411411342592592 0.8203753356481482 0.11786786805555556 0.8270777476851853 0.11861861805555556 0.8458445046296297 0.1223723726851852 0.8498659513888889
0 0.1081081087962963 0.6742627337962963 0.10360360416666667 0.6621983912037037 0.09984984953703703 0.663538875 0.09909909953703704 0.6849865949074074 0.10585585648148149 0.710455763888889 0.1096096087962963 0.6957104560185186 0.1081081087962963 0.6742627337962963
0 0.19594594675925928 0.9852546921296296 0.19519519444444444 0.9986595185185185 0.2042042037037037 0.9986595185185185 0.2012012013888889 0.9852546921296296 0.19594594675925928 0.9852546921296296
0 0.2319819814814815 0.993297587962963 0.23123123148148148 0.9986595185185185 0.24099099074074073 0.9986595185185185 0.23798798842592592 0.989276138888889 0.2319819814814815 0.993297587962963