0 0.0699248125 0.7688172037037037 0.07894736805555556 0.7755376342592593 0.08345864583333334 0.7594086018518519 0.08270676620370371 0.7177419351851853 0.07443609027777777 0.6881720439814815 0.06691729398148148 0.6935483865740741 0.06691729398148148 0.7029569884259259 0.06165413425925926 0.7163978495370371 0.06541353472222222 0.7540322569444444 0.0699248125 0.7688172037037037
0 0.052631578703703705 0.7486559143518519 0.054887217592592595 0.7190860208333333 0.045112782407407404 0.6881720439814815 0.03834586574074074 0.6868279560185185 0.027819548611111113 0.7177419351851853 0.02706766898148148 0.7258064513888889 0.03383458564814815 0.7446236550925925 0.049624060185185184 0.7540322569444444 0.052631578703703705 0.7486559143518519
0 0.1473684212962963 0.8158602152777777 0.1646616550925926 0.8212365601851852 0.16691729398148147 0.7956989236111112 0.16090225462962962 0.7473118287037037 0.1646616550925926 0.7204301064814814 0.14887218055555554 0.6935483865740741 0.14661654166666668 0.6814516134259259 0.13909774537037037 0.6881720439814815 0.13383458564814815 0.7405913981481481 0.139849625 0.7526881712962963 0.14285714351851853 0.8091397847222223 0.1473684212962963 0.8158602152777777
0 0.1947368425925926 0.7043010763888888 0.19624060185185185 0.6720430115740741 0.18872180555555557 0.6545698935185186 0.18195488657407408 0.6680107523148148 0.17894736805555556 0.7029569884259259 0.18496240509259257 0.7163978495370371 0.1969924814814815 0.7231182800925926 0.1947368425925926 0.7043010763888888
0 0.13157894675925924 0.737903226851852 0.12481203009259259 0.7190860208333333 0.11804511342592593 0.7163978495370371 0.10451127777777777 0.7486559143518519 0.10526315740740741 0.7889784953703703 0.10902255555555555 0.7956989236111112 0.13082706712962963 0.8037634398148148 0.13157894675925924 0.737903226851852
0 0.24887218055555557 0.7338709675925926 0.2548872175925926 0.7405913981481481 0.2669172939814815 0.7338709675925926 0.2684210532407407 0.6653225810185185 0.2631578958333333 0.6572580648148147 0.260150375 0.637096773148148 0.2533834583333333 0.6397849467592592 0.25263157870370373 0.6545698935185186 0.24511278240740741 0.6680107523148148 0.24360902314814814 0.6841397847222223 0.2473684212962963 0.6881720439814815 0.2503759398148148 0.7029569884259259 0.24887218055555557 0.7338709675925926
0 0.2902255648148148 0.7163978495370371 0.2894736851851852 0.669354837962963 0.2827067662037037 0.6465053773148148 0.27969924768518517 0.6451612893518518 0.2751879699074074 0.647849462962963 0.27067669212962964 0.6639784953703703 0.2684210532407407 0.6760752685185186 0.27443609027777777 0.7258064513888889 0.2879699259259259 0.727150537037037 0.2902255648148148 0.7163978495370371
0 0.3556390972222222 0.7473118287037037 0.35714285648148153 0.6868279560185185 0.35488721759259256 0.6787634398148148 0.3451127824074074 0.6733870972222222 0.33458646527777774 0.705645162037037 0.3353383449074074 0.7338709675925926 0.339849625 0.7473118287037037 0.3436090231481482 0.7526881712962963 0.3556390972222222 0.7473118287037037
0 0.3390977453703704 0.6330645162037037 0.33458646527777774 0.6330645162037037 0.32706766898148143 0.6559139791666667 0.3323308263888889 0.7177419351851853 0.3436090231481482 0.6760752685185186 0.34661654166666667 0.6518817199074074 0.3390977453703704 0.6330645162037037
0 0.3578947361111111 0.6438172037037037 0.35338345833333334 0.6424731180555555 0.3503759398148148 0.647849462962963 0.3488721805555556 0.6639784953703703 0.3593984953703704 0.6962365601851852 0.363909775462963 0.6612903217592593 0.3578947361111111 0.6438172037037037
0 0.3721804513888889 0.7540322569444444 0.37894736805555557 0.7419354837962963 0.3796992476851852 0.7177419351851853 0.38421052546296297 0.6975806458333333 0.3796992476851852 0.6612903217592593 0.3706766921296296 0.6424731180555555 0.3669172939814815 0.6465053773148148 0.3616541342592593 0.6868279560185185 0.3631578958333333 0.7405913981481481 0.36616541435185185 0.7526881712962963 0.3721804513888889 0.7540322569444444
0 0.39022556481481485 0.7190860208333333 0.39774436111111117 0.705645162037037 0.393984962962963 0.6505376342592593 0.3872180439814815 0.6317204305555556 0.38345864583333333 0.6290322569444444 0.3812030069444444 0.6344086018518519 0.37894736805555557 0.6545698935185186 0.38345864583333333 0.7029569884259259 0.3819548865740741 0.7137096782407407 0.39022556481481485 0.7190860208333333
0 0.40526315740740737 0.7123655902777778 0.4105263148148148 0.7002688171296296 0.4127819560185185 0.6545698935185186 0.40375939814814815 0.6290322569444444 0.39849624074074075 0.6330645162037037 0.3932330833333333 0.6451612893518518 0.3947368425925926 0.6706989236111112 0.3992481203703704 0.7069892476851852 0.40526315740740737 0.7123655902777778
0 0.43157894675925923 0.6465053773148148 0.42857142824074074 0.6263440856481481 0.42180451157407406 0.6236559143518519 0.4135338356481481 0.6438172037037037 0.415789474537037 0.705645162037037 0.4255639097222222 0.7069892476851852 0.4308270671296296 0.6908602152777777 0.43157894675925923 0.6465053773148148
0 0.45413533796296296 0.6545698935185186 0.445864662037037 0.6344086018518519 0.44135338425925924 0.637096773148148 0.4353383449074074 0.6586021504629629 0.4383458657407407 0.6908602152777777 0.4548872175925926 0.692204300925926 0.45413533796296296 0.6545698935185186
0 0.4774436087962963 0.6975806458333333 0.4804511273148148 0.7123655902777778 0.4857142847222222 0.7110215046296297 0.49172932407407405 0.6948924722222223 0.49022556481481483 0.659946236111111 0.4857142847222222 0.6397849467592592 0.4751879699074074 0.6236559143518519 0.4661654143518518 0.6384408611111111 0.46541353472222224 0.6532258055555556 0.47218045138888887 0.669354837962963 0.47142857175925923 0.6895161296296296 0.4774436087962963 0.6975806458333333
0 0.5097744351851852 0.7163978495370371 0.5135338356481481 0.6706989236111112 0.5090225555555555 0.6424731180555555 0.5030075185185185 0.6263440856481481 0.4984962407407408 0.6276881712962963 0.4924812037037037 0.6559139791666667 0.4924812037037037 0.6935483865740741 0.49699248148148145 0.7284946226851852 0.5037593981481481 0.7284946226851852 0.5097744351851852 0.7163978495370371
0 0.5263157893518519 0.7607526874999999 0.5300751875 0.7580645162037037 0.5330827060185185 0.7446236550925925 0.5451127824074073 0.7365591388888889 0.5458646620370371 0.7284946226851852 0.5323308263888888 0.7069892476851852 0.5248120300925926 0.7083333333333334 0.5203007523148148 0.7163978495370371 0.5203007523148148 0.737903226851852 0.5233082708333333 0.7405913981481481 0.5263157893518519 0.7607526874999999
0 0.6368421041666666 0.8319892476851852 0.6368421041666666 0.8131720439814815 0.6330827060185186 0.807795699074074 0.6248120300925926 0.807795699074074 0.615789474537037 0.8198924722222223 0.6022556388888889 0.8481182800925926 0.6112781944444444 0.8642473125000001 0.6203007523148147 0.8615591388888889 0.6368421041666666 0.8319892476851852
0 0.5766917291666667 0.7688172037037037 0.5804511273148149 0.7634408611111111 0.5984962407407408 0.762096773148148 0.603759398148148 0.7513440856481481 0.6030075185185185 0.7311827962962963 0.5909774444444444 0.7217741944444444 0.5894736851851852 0.7069892476851852 0.5857142847222222 0.7043010763888888 0.5812030069444445 0.705645162037037 0.5774436087962963 0.7244623657407407 0.5729323310185185 0.7311827962962963 0.5609022546296296 0.7365591388888889 0.5593984953703703 0.7419354837962963 0.563909775462963 0.7594086018518519 0.5676691736111111 0.7540322569444444 0.5766917291666667 0.7688172037037037
0 0.5511278194444444 0.7204301064814814 0.5533834583333334 0.6747311828703704 0.5428571435185185 0.6344086018518519 0.536090224537037 0.6465053773148148 0.5323308263888888 0.6747311828703704 0.5315789467592592 0.7096774189814815 0.5406015046296296 0.7298387106481482 0.5466165416666667 0.7298387106481482 0.5511278194444444 0.7204301064814814
0 0.518045113425926 0.7069892476851852 0.5270676689814815 0.705645162037037 0.5293233078703703 0.6948924722222223 0.5270676689814815 0.647849462962963 0.5195488726851851 0.6263440856481481 0.5142857152777778 0.6303763449074075 0.5112781944444444 0.6438172037037037 0.5142857152777778 0.6680107523148148 0.5135338356481481 0.6989247314814814 0.518045113425926 0.7069892476851852
0 0.5518796990740741 0.6142473125000001 0.5458646620370371 0.6155913981481481 0.5413533842592593 0.6438172037037037 0.5533834583333334 0.669354837962963 0.5563909768518519 0.6344086018518519 0.5518796990740741 0.6142473125000001
0 0.608270675925926 0.6142473125000001 0.6022556388888889 0.6048387106481482 0.5917293240740741 0.6142473125000001 0.5954887222222222 0.6666666666666666 0.6090225555555555 0.6653225810185185 0.6105263148148148 0.6236559143518519 0.608270675925926 0.6142473125000001
0 0.615789474537037 0.6075268819444445 0.6105263148148148 0.6115591388888889 0.6105263148148148 0.6680107523148148 0.6233082708333334 0.6747311828703704 0.6233082708333334 0.6290322569444444 0.615789474537037 0.6075268819444445
0 0.6578947361111112 0.6706989236111112 0.6609022546296296 0.6733870972222222 0.6669172939814815 0.6666666666666666 0.6676691736111111 0.637096773148148 0.6646616550925926 0.6263440856481481 0.6609022546296296 0.6263440856481481 0.6578947361111112 0.6182795694444444 0.6496240601851851 0.6276881712962963 0.639849625 0.6223118287037037 0.6323308263888889 0.6344086018518519 0.6368421041666666 0.669354837962963 0.6451127824074073 0.6854838703703704 0.6511278194444444 0.6868279560185185 0.6578947361111112 0.6706989236111112
0 0.6857142847222222 0.6330645162037037 0.675939849537037 0.6182795694444444 0.6691729328703704 0.6303763449074075 0.6669172939814815 0.6787634398148148 0.675939849537037 0.682795699074074 0.6827067662037037 0.6706989236111112 0.6857142847222222 0.6330645162037037
0 0.7037593981481481 0.6384408611111111 0.6992481203703704 0.6209677430555556 0.6917293240740741 0.6196236550925925 0.6902255648148148 0.6236559143518519 0.6917293240740741 0.6733870972222222 0.7022556388888889 0.6747311828703704 0.7052631574074074 0.6706989236111112 0.7037593981481481 0.6384408611111111
0 0.7578947361111111 0.6760752685185186 0.7578947361111111 0.6680107523148148 0.7496240601851852 0.6653225810185185 0.7428571435185185 0.647849462962963 0.7345864652777778 0.659946236111111 0.7353383449074073 0.6854838703703704 0.7375939861111112 0.6881720439814815 0.7443609027777778 0.6747311828703704 0.7578947361111111 0.6760752685185186
0 0.7706766921296295 0.6720430115740741 0.763909775462963 0.6518817199074074 0.736090224537037 0.6666666666666666 0.7375939861111112 0.6854838703703704 0.7473684212962963 0.6747311828703704 0.7624060138888888 0.6774193541666667 0.7706766921296295 0.6720430115740741
0 0.7894736851851852 0.6303763449074075 0.7834586458333334 0.6223118287037037 0.7751879699074075 0.6344086018518519 0.7774436087962963 0.6854838703703704 0.7827067662037037 0.6881720439814815 0.791729324074074 0.6653225810185185 0.7894736851851852 0.6303763449074075
0 0.806015037037037 0.6303763449074075 0.8 0.6048387106481482 0.7932330833333333 0.602150537037037 0.787969925925926 0.6182795694444444 0.7932330833333333 0.6653225810185185 0.8030075185185185 0.6680107523148148 0.806015037037037 0.6586021504629629 0.806015037037037 0.6303763449074075
0 0.824060150462963 0.647849462962963 0.8187969930555555 0.6451612893518518 0.815789474537037 0.6505376342592593 0.8150375949074075 0.6733870972222222 0.8278195486111111 0.6854838703703704 0.8315789467592593 0.6680107523148148 0.824060150462963 0.647849462962963
0 0.8428571435185185 0.6572580648148147 0.8436090231481481 0.6397849467592592 0.839849625 0.6142473125000001 0.8353383449074074 0.6115591388888889 0.8248120300925926 0.637096773148148 0.8293233078703705 0.6451612893518518 0.8323308263888889 0.6680107523148148 0.8375939861111111 0.6706989236111112 0.8428571435185185 0.6572580648148147
0 0.8661654143518519 0.6666666666666666 0.8646616550925926 0.6303763449074075 0.8586466157407407 0.6142473125000001 0.8556390972222223 0.6155913981481481 0.8511278194444444 0.6357526874999999 0.8488721805555556 0.6854838703703704 0.860150375 0.6881720439814815 0.8631578958333334 0.6854838703703704 0.8661654143518519 0.6666666666666666
0 0.8796992476851853 0.6680107523148148 0.8819548865740741 0.6290322569444444 0.8744360902777778 0.6115591388888889 0.8691729328703703 0.6142473125000001 0.863909775462963 0.6263440856481481 0.863909775462963 0.6532258055555556 0.8684210532407407 0.669354837962963 0.8796992476851853 0.6680107523148148
0 0.8984962407407407 0.6706989236111112 0.9045112777777778 0.6263440856481481 0.8939849629629629 0.6102150532407408 0.8879699259259259 0.6236559143518519 0.8872180439814814 0.6653225810185185 0.8887218055555556 0.6787634398148148 0.891729324074074 0.6814516134259259 0.8984962407407407 0.6706989236111112
0 0.9157894745370371 0.6424731180555555 0.9142857152777778 0.6263440856481481 0.9067669166666666 0.6223118287037037 0.8992481203703704 0.6491935486111111 0.9007518796296297 0.6706989236111112 0.9090225555555556 0.6706989236111112 0.9127819560185185 0.6639784953703703 0.9157894745370371 0.6424731180555555
0 0.9556390972222223 0.6841397847222223 0.9496240601851852 0.6330645162037037 0.9443609027777777 0.6317204305555556 0.9428571435185185 0.6411290324074074 0.9338345856481481 0.6532258055555556 0.9345864652777778 0.7029569884259259 0.9383458657407407 0.7217741944444444 0.9518796990740741 0.7231182800925926 0.9556390972222223 0.6841397847222223
0 0.9766917291666667 0.6465053773148148 0.967669173611111 0.6223118287037037 0.9616541342592593 0.625 0.9548872175925927 0.6465053773148148 0.9578947361111111 0.7002688171296296 0.9661654143518519 0.7204301064814814 0.9736842106481481 0.7231182800925926 0.9766917291666667 0.6465053773148148