0 0.1569069074074074 0.9396782847222221 0.16066065972222224 0.9276139421296296 0.16441441435185186 0.8766756041666667 0.15765765740740742 0.8592493287037037 0.1554054050925926 0.8351206435185184 0.15315315277777777 0.8337801597222223 0.14639639583333333 0.8699731898148149 0.14639639583333333 0.9021447731481481 0.15315315277777777 0.9369973194444445 0.1569069074074074 0.9396782847222221
0 0.15990990972222222 0.8136729212962963 0.1591591597222222 0.7922252013888889 0.1561561550925926 0.778820375 0.15015015046296296 0.7774798935185184 0.14864864814814815 0.782841824074074 0.14714714814814814 0.7975871319444444 0.15015015046296296 0.8284182314814814 0.1546546550925926 0.8404825740740741 0.15990990972222222 0.8136729212962963
0 0.21096096064814815 0.796246648148148 0.2034534537037037 0.7707774791666666 0.19969969907407406 0.7734584444444444 0.19444444444444445 0.7949061666666667 0.19294294212962962 0.8136729212962963 0.2027027037037037 0.8404825740740741 0.21096096064814815 0.8109919560185185 0.21096096064814815 0.796246648148148
0 0.12462462499999999 0.6595174259259259 0.11936937037037038 0.6595174259259259 0.11786786805555556 0.6715817685185186 0.12312312268518519 0.690348525462963 0.12912912962962964 0.6715817685185186 0.12462462499999999 0.6595174259259259
0 0.10887912962962963 0.7038136736111111 0.11087012037037038 0.6951782847222222 0.10859534490740741 0.6743525462962963 0.10603528472222222 0.6580978541666667 0.10347597685185185 0.6647010717592593 0.10347597685185185 0.6753686319444445 0.10394594675925926 0.6860134050925927 0.10375975925925926 0.6870509375 0.10489789814814815 0.6982265416666666 0.10887912962962963 0.7038136736111111
0 0.08925525462962963 0.7632439675925925 0.09522747685185184 0.7571487939814815 0.1014849861111111 0.7601957106481481 0.10660435416666666 0.7601957106481481 0.11769594675925925 0.7495294907407407 0.11058558564814815 0.748005361111111 0.10575074999999999 0.7525764074074074 0.10034684722222222 0.7505455763888889 0.09380555555555556 0.7474973194444444 0.08669519444444444 0.754100537037037 0.08470495601851852 0.7586715810185185 0.08527327314814814 0.7667989282407407 0.08925525462962963 0.7632439675925925
0 0.3108108101851852 0.6260053611111112 0.3070570578703704 0.5817694375 0.30330330324074073 0.5817694375 0.29879879861111114 0.5951742638888888 0.2972972962962963 0.6260053611111112 0.2980480486111111 0.6340482569444444 0.30105105092592593 0.6353887407407407 0.3108108101851852 0.6260053611111112
0 0.28978978935185185 0.5697050949074074 0.286036037037037 0.5804289537037037 0.286036037037037 0.6032171574074074 0.28978978935185185 0.6032171574074074 0.29354354398148147 0.5817694375 0.28978978935185185 0.5697050949074074
0 0.28978978935185185 0.5563002685185185 0.2815315324074074 0.5643431643518518 0.2807807800925926 0.5804289537037037 0.2837837847222222 0.5871313680555555 0.28978978935185185 0.5697050949074074 0.28978978935185185 0.5563002685185185
0 0.16591591666666666 0.44906166203703707 0.15990990972222222 0.44101876620370367 0.15765765740740742 0.44504021527777776 0.15765765740740742 0.46916890046296295 0.16141141203703704 0.4745308310185185 0.16591591666666666 0.44906166203703707
0 0.15765765740740742 0.4678284189814815 0.14114114120370372 0.47319034953703704 0.12987987962962963 0.4879356574074074 0.15165165277777778 0.4946380694444445 0.15990990972222222 0.48257372685185185 0.15765765740740742 0.4678284189814815
0 0.2792792800925926 0.5938337800925927 0.2785285277777778 0.5831099189814815 0.27327327314814814 0.5656836458333333 0.2650150138888889 0.5790884722222223 0.26426426388888885 0.6032171574074074 0.2687687685185185 0.6112600532407407 0.2717717708333333 0.6099195717592593 0.2792792800925926 0.5938337800925927