0 0 0.7311827962962963 0.014285715277777777 0.7325268819444445 0.015789474537037038 0.727150537037037 0.012030074074074073 0.7123655902777778 0.0022556388888888886 0.6908602152777777 0 0.6908602152777777 0 0.7311827962962963
0 0.051127819444444444 0.7567204305555556 0.055639097222222225 0.7473118287037037 0.054887217592592595 0.7358870972222222 0.06090225462962963 0.7163978495370371 0.049624060185185184 0.7043010763888888 0.046616541666666664 0.6868279560185185 0.04135338425925926 0.6854838703703704 0.03609022453703704 0.705645162037037 0.027819548611111113 0.7190860208333333 0.025563909722222222 0.727150537037037 0.03383458564814815 0.7325268819444445 0.03609022453703704 0.7459677430555556 0.051127819444444444 0.7567204305555556
0 0.07894736805555556 0.7768817199074074 0.08270676620370371 0.7674731180555555 0.08571428472222221 0.7258064513888889 0.08120300694444443 0.6935483865740741 0.07819548842592593 0.6881720439814815 0.07293233101851852 0.6908602152777777 0.06315789583333332 0.7163978495370371 0.06390977546296296 0.7540322569444444 0.0699248125 0.7701612893518518 0.07894736805555556 0.7768817199074074
0 0.13684210416666667 0.7647849467592592 0.12932330787037036 0.7231182800925926 0.12030075231481482 0.7190860208333333 0.1075187962962963 0.7405913981481481 0.10451127777777777 0.7473118287037037 0.1075187962962963 0.7916666666666666 0.14060150462962961 0.8104838703703704 0.13684210416666667 0.7647849467592592
0 0.16165413425925926 0.8104838703703704 0.17142857175925924 0.830645162037037 0.1751879699074074 0.8319892476851852 0.17819548842592592 0.8279569884259259 0.1751879699074074 0.7930107523148148 0.17593984953703704 0.7432795694444444 0.1796992476851852 0.7204301064814814 0.1721804513888889 0.6854838703703704 0.16390977546296295 0.6841397847222223 0.16090225462962962 0.6895161296296296 0.16165413425925926 0.7163978495370371 0.1526315787037037 0.7338709675925926 0.15864661574074074 0.7446236550925925 0.16165413425925926 0.8104838703703704
0 0.1902255648148148 0.6881720439814815 0.18345864583333335 0.659946236111111 0.17819548842592592 0.6586021504629629 0.17593984953703704 0.6639784953703703 0.17293233101851851 0.6814516134259259 0.17593984953703704 0.7069892476851852 0.19172932407407406 0.715053763888889 0.1902255648148148 0.6881720439814815
0 0.24285714351851853 0.7513440856481481 0.2548872175925926 0.7594086018518519 0.2586466157407407 0.7553763449074075 0.25789473611111113 0.7217741944444444 0.2631578958333333 0.6975806458333333 0.25187969907407404 0.6545698935185186 0.24586466203703702 0.6572580648148147 0.24060150462962965 0.6801075277777777 0.23533834490740743 0.6895161296296296 0.23458646527777777 0.7002688171296296 0.24135338425925926 0.7177419351851853 0.23984962499999998 0.7325268819444445 0.24285714351851853 0.7513440856481481
0 0.2872180439814815 0.6720430115740741 0.27969924768518517 0.6491935486111111 0.27368421064814813 0.6465053773148148 0.27218045138888886 0.6586021504629629 0.26616541435185187 0.6706989236111112 0.2646616550925926 0.6854838703703704 0.27218045138888886 0.727150537037037 0.2857142847222222 0.727150537037037 0.2872180439814815 0.6720430115740741
0 0.3526315787037037 0.692204300925926 0.3436090231481482 0.6612903217592593 0.3375939861111111 0.6626344097222222 0.3330827060185185 0.6881720439814815 0.3300751875 0.7432795694444444 0.33458646527777774 0.7540322569444444 0.3526315787037037 0.75 0.3526315787037037 0.692204300925926
0 0.3857142847222222 0.7446236550925925 0.3864661643518519 0.6895161296296296 0.37669172916666666 0.6639784953703703 0.36842105324074076 0.6774193541666667 0.3691729328703704 0.7486559143518519 0.36992481250000003 0.7540322569444444 0.37894736805555557 0.7540322569444444 0.3857142847222222 0.7446236550925925
0 0.3804511273148148 0.6559139791666667 0.3744360902777778 0.637096773148148 0.36842105324074076 0.6438172037037037 0.36466165509259263 0.6720430115740741 0.3721804513888889 0.6814516134259259 0.3796992476851852 0.6733870972222222 0.3804511273148148 0.6559139791666667
0 0.3924812037037037 0.6532258055555556 0.3864661643518519 0.6330645162037037 0.3796992476851852 0.6397849467592592 0.3819548865740741 0.6787634398148148 0.38421052546296297 0.6854838703703704 0.39022556481481485 0.6868279560185185 0.3924812037037037 0.6532258055555556
0 0.4142857152777778 0.7069892476851852 0.415789474537037 0.6895161296296296 0.4097744351851852 0.6397849467592592 0.40375939814814815 0.625 0.4007518796296296 0.625 0.3954887222222222 0.6411290324074074 0.3954887222222222 0.6572580648148147 0.40225563888888893 0.6720430115740741 0.40526315740740737 0.7029569884259259 0.4142857152777778 0.7069892476851852
0 0.4030075185185185 0.7177419351851853 0.40526315740740737 0.6868279560185185 0.4007518796296296 0.6639784953703703 0.3932330833333333 0.6666666666666666 0.3894736851851852 0.705645162037037 0.39172932407407407 0.7231182800925926 0.3969924814814815 0.7258064513888889 0.4030075185185185 0.7177419351851853
0 0.4300751875 0.692204300925926 0.4300751875 0.6572580648148147 0.4248120300925926 0.6263440856481481 0.4180451134259259 0.6263440856481481 0.4135338356481481 0.6451612893518518 0.4172932337962963 0.6962365601851852 0.4210526319444444 0.7083333333333334 0.4255639097222222 0.7096774189814815 0.4300751875 0.692204300925926
0 0.4563909768518518 0.6491935486111111 0.4496240601851852 0.6330645162037037 0.445864662037037 0.6344086018518519 0.44360902314814815 0.647849462962963 0.4375939861111111 0.6572580648148147 0.44360902314814815 0.692204300925926 0.4563909768518518 0.6948924722222223 0.460150375 0.6881720439814815 0.4563909768518518 0.6491935486111111
0 0.4857142847222222 0.7043010763888888 0.49022556481481483 0.6881720439814815 0.48421052546296295 0.6357526874999999 0.47368421064814814 0.6263440856481481 0.4661654143518518 0.6384408611111111 0.46541353472222224 0.6545698935185186 0.47142857175925923 0.6720430115740741 0.47218045138888887 0.6895161296296296 0.4857142847222222 0.7043010763888888
0 0.5067669166666666 0.6975806458333333 0.5127819560185185 0.6814516134259259 0.5127819560185185 0.6572580648148147 0.5030075185185185 0.6276881712962963 0.49774436111111114 0.6357526874999999 0.4932330833333334 0.6559139791666667 0.49398496296296296 0.7432795694444444 0.4984962407407408 0.7473118287037037 0.5097744351851852 0.7258064513888889 0.5067669166666666 0.6975806458333333
0 0.5263157893518519 0.6451612893518518 0.5203007523148148 0.6263440856481481 0.5135338356481481 0.6303763449074075 0.5112781944444444 0.6491935486111111 0.515789474537037 0.6720430115740741 0.5248120300925926 0.659946236111111 0.5263157893518519 0.6451612893518518
0 0.554135337962963 0.6895161296296296 0.5511278194444444 0.6411290324074074 0.5406015046296296 0.6182795694444444 0.5338345856481482 0.6330645162037037 0.5330827060185185 0.6491935486111111 0.5406015046296296 0.7016129027777778 0.5473684212962963 0.7110215046296297 0.554135337962963 0.6895161296296296
0 0.5383458657407407 0.7137096782407407 0.5390977453703704 0.6787634398148148 0.5300751875 0.6505376342592593 0.5255639097222222 0.6491935486111111 0.5150375949074074 0.6747311828703704 0.5142857152777778 0.6841397847222223 0.5203007523148148 0.6975806458333333 0.5233082708333333 0.7190860208333333 0.5383458657407407 0.7137096782407407
0 0.5481203009259259 0.7553763449074075 0.5375939861111111 0.7580645162037037 0.5338345856481482 0.7473118287037037 0.5443609027777777 0.7311827962962963 0.5428571435185185 0.7190860208333333 0.5330827060185185 0.7163978495370371 0.524060150462963 0.727150537037037 0.5225563912037037 0.7567204305555556 0.5187969930555556 0.7701612893518518 0.518045113425926 0.7795698935185186 0.521804511574074 0.7889784953703703 0.5436090231481482 0.7768817199074074 0.5481203009259259 0.7553763449074075
0 0.5684210532407408 0.7540322569444444 0.5766917291666667 0.7513440856481481 0.5796992476851851 0.737903226851852 0.5954887222222222 0.7231182800925926 0.5902255648148148 0.7029569884259259 0.5804511273148149 0.7069892476851852 0.5699248124999999 0.7365591388888889 0.5593984953703703 0.7405913981481481 0.560150375 0.7661290324074074 0.5684210532407408 0.7540322569444444
0 0.5932330833333334 0.862903226851852 0.5954887222222222 0.8682795694444444 0.5984962407407408 0.852150537037037 0.6075187962962963 0.8575268819444445 0.6127819560185186 0.8669354837962963 0.6203007523148147 0.8642473125000001 0.6368421041666666 0.8346774189814815 0.6375939861111112 0.817204300925926 0.6338345856481481 0.807795699074074 0.6248120300925926 0.807795699074074 0.6045112777777777 0.840053763888889 0.5917293240740741 0.8225806458333333 0.575939849537037 0.8454301064814814 0.5812030069444445 0.8534946226851852 0.5699248124999999 0.8655913981481481 0.5879699259259259 0.8669354837962963 0.5932330833333334 0.862903226851852
0 0.6052631574074074 0.6034946226851852 0.6015037592592593 0.602150537037037 0.6 0.6115591388888889 0.5924812037037037 0.6236559143518519 0.5984962407407408 0.6639784953703703 0.6120300740740741 0.6666666666666666 0.6135338356481482 0.6330645162037037 0.6052631574074074 0.6034946226851852
0 0.6240601504629629 0.6357526874999999 0.6187969930555555 0.6088709675925926 0.6150375949074074 0.6061827962962963 0.6127819560185186 0.6102150532407408 0.6135338356481482 0.6680107523148148 0.6233082708333334 0.6760752685185186 0.6263157893518518 0.6666666666666666 0.6240601504629629 0.6357526874999999
0 0.6503759398148148 0.6868279560185185 0.6518796990740741 0.6586021504629629 0.6428571435185185 0.6155913981481481 0.6368421041666666 0.6196236550925925 0.6315789467592593 0.6397849467592592 0.6308270671296297 0.647849462962963 0.6368421041666666 0.6747311828703704 0.6443609027777777 0.6854838703703704 0.6503759398148148 0.6868279560185185
0 0.660150375 0.682795699074074 0.6676691736111111 0.6666666666666666 0.6676691736111111 0.6438172037037037 0.6609022546296296 0.6169354837962963 0.6578947361111112 0.612903226851852 0.6541353379629629 0.6169354837962963 0.6503759398148148 0.6303763449074075 0.6503759398148148 0.6465053773148148 0.6571428564814815 0.6814516134259259 0.660150375 0.682795699074074
0 0.684210525462963 0.6330645162037037 0.6766917291666666 0.6142473125000001 0.6714285717592593 0.6182795694444444 0.6676691736111111 0.6330645162037037 0.6676691736111111 0.682795699074074 0.6781954884259259 0.6841397847222223 0.6834586458333334 0.669354837962963 0.684210525462963 0.6330645162037037
0 0.6947368425925925 0.6505376342592593 0.6947368425925925 0.6666666666666666 0.7030075185185185 0.6680107523148148 0.7045112777777777 0.6505376342592593 0.6947368425925925 0.6505376342592593
0 0.7436090231481481 0.6491935486111111 0.7398496250000001 0.6465053773148148 0.7375939861111112 0.6505376342592593 0.7338345856481482 0.6612903217592593 0.7368421041666666 0.6868279560185185 0.7466165416666667 0.6720430115740741 0.7436090231481481 0.6491935486111111
0 0.7548872175925927 0.6680107523148148 0.7503759398148148 0.6706989236111112 0.7511278194444444 0.6747311828703704 0.7548872175925927 0.6760752685185186 0.7548872175925927 0.6680107523148148
0 0.7646616550925927 0.6532258055555556 0.7593984953703704 0.6572580648148147 0.7586466157407408 0.6706989236111112 0.7616541342592592 0.6774193541666667 0.7714285717592593 0.6720430115740741 0.7646616550925927 0.6532258055555556
0 0.7902255648148149 0.6760752685185186 0.7924812037037037 0.6559139791666667 0.7872180439814814 0.6196236550925925 0.7819548865740741 0.6169354837962963 0.7789473680555555 0.6209677430555556 0.7729323310185185 0.6384408611111111 0.7774436087962963 0.6854838703703704 0.7819548865740741 0.6881720439814815 0.7902255648148149 0.6760752685185186
0 0.8075187962962963 0.6491935486111111 0.806015037037037 0.6290322569444444 0.7969924814814815 0.6075268819444445 0.7924812037037037 0.6075268819444445 0.7887218055555556 0.6196236550925925 0.791729324074074 0.6586021504629629 0.787969925925926 0.6747311828703704 0.8037593981481481 0.6760752685185186 0.8075187962962963 0.6491935486111111
0 0.8323308263888889 0.6720430115740741 0.8315789467592593 0.6612903217592593 0.8255639097222223 0.6465053773148148 0.8203007523148149 0.6505376342592593 0.8165413541666666 0.6720430115740741 0.824060150462963 0.6895161296296296 0.8270676689814814 0.6895161296296296 0.8323308263888889 0.6720430115740741
0 0.8413533842592592 0.6612903217592593 0.8383458657407408 0.6102150532407408 0.8315789467592593 0.6075268819444445 0.8263157893518518 0.6290322569444444 0.8255639097222223 0.6451612893518518 0.8308270671296296 0.669354837962963 0.8383458657407408 0.6720430115740741 0.8413533842592592 0.6612903217592593
0 0.8676691736111111 0.6438172037037037 0.8631578958333334 0.6182795694444444 0.8593984953703704 0.6182795694444444 0.8548872175925927 0.6290322569444444 0.8503759398148149 0.659946236111111 0.8488721805555556 0.6854838703703704 0.8541353379629629 0.692204300925926 0.8609022546296297 0.6908602152777777 0.8676691736111111 0.6438172037037037
0 0.8857142847222222 0.6586021504629629 0.884210525462963 0.6303763449074075 0.8729323310185185 0.6115591388888889 0.8684210532407407 0.6155913981481481 0.8654135347222223 0.6290322569444444 0.8684210532407407 0.6706989236111112 0.8834586458333333 0.6720430115740741 0.8857142847222222 0.6586021504629629
0 0.8947368425925926 0.6344086018518519 0.9037593981481481 0.6223118287037037 0.8977443611111111 0.6048387106481482 0.8932330833333333 0.6075268819444445 0.8864661643518518 0.6330645162037037 0.8872180439814814 0.6626344097222222 0.8932330833333333 0.6680107523148148 0.8947368425925926 0.6344086018518519
0 0.9105263148148148 0.6344086018518519 0.9037593981481481 0.6223118287037037 0.8932330833333333 0.637096773148148 0.8939849629629629 0.6653225810185185 0.8969924814814815 0.6706989236111112 0.9075187962962963 0.6680107523148148 0.9105263148148148 0.6344086018518519
0 0.9518796990740741 0.6854838703703704 0.9503759398148148 0.6344086018518519 0.9451127824074074 0.6303763449074075 0.9368421041666666 0.6505376342592593 0.9375939861111111 0.6854838703703704 0.9458646620370371 0.6975806458333333 0.9496240601851852 0.6948924722222223 0.9518796990740741 0.6854838703703704
0 0.9819548865740741 0.6572580648148147 0.9789473680555555 0.6424731180555555 0.9699248125 0.625 0.9556390972222223 0.6438172037037037 0.9593984953703704 0.6854838703703704 0.9631578958333333 0.6948924722222223 0.9736842106481481 0.6881720439814815 0.9819548865740741 0.6572580648148147
0 0.9804511273148149 0.6155913981481481 0.9766917291666667 0.6115591388888889 0.9729323310185185 0.6169354837962963 0.9729323310185185 0.6330645162037037 0.9849624050925926 0.6559139791666667 0.9857142847222222 0.6411290324074074 0.9804511273148149 0.6155913981481481
0 0.9992481203703704 0.7688172037037037 0.9992481203703704 0.7016129027777778 0.9947368425925925 0.692204300925926 0.9909774444444445 0.6666666666666666 0.9857142847222222 0.6720430115740741 0.9766917291666667 0.6975806458333333 0.9766917291666667 0.7338709675925926 0.9827067662037037 0.7513440856481481 0.9834586458333333 0.7715053773148148 0.9992481203703704 0.7688172037037037
0 0.9556390972222223 0.7768817199074074 0.9631578958333333 0.7405913981481481 0.963909775462963 0.7217741944444444 0.9593984953703704 0.6935483865740741 0.9488721805555556 0.6881720439814815 0.9458646620370371 0.7204301064814814 0.9511278194444445 0.75 0.9518796990740741 0.7755376342592593 0.9556390972222223 0.7768817199074074
0 0.9323308263888889 0.965053763888889 0.924060150462963 0.9623655902777778 0.9142857152777778 0.9731182800925926 0.9127819560185185 0.9838709675925926 0.896240601851852 0.9919354837962963 0.8947368425925926 0.9986559143518519 0.9353383449074074 0.9986559143518519 0.9368421041666666 0.9798387106481482 0.9323308263888889 0.965053763888889
0 0.8766917291666666 0.817204300925926 0.8834586458333333 0.7970430115740741 0.8796992476851853 0.7795698935185186 0.8624060138888888 0.7701612893518518 0.8556390972222223 0.7755376342592593 0.8541353379629629 0.7983870972222222 0.8496240601851852 0.8104838703703704 0.8661654143518519 0.8212365601851852 0.8766917291666666 0.817204300925926
0 0.2714285717592593 0.8655913981481481 0.27218045138888886 0.8790322569444444 0.2849624050925926 0.8763440856481481 0.28120300694444444 0.8615591388888889 0.2714285717592593 0.8655913981481481