0 0.047368421296296294 0.7526881712962963 0.050375939814814814 0.7419354837962963 0.050375939814814814 0.705645162037037 0.046616541666666664 0.6868279560185185 0.03834586574074074 0.6881720439814815 0.025563909722222222 0.7258064513888889 0.033082706018518516 0.7338709675925926 0.03759398611111111 0.7473118287037037 0.047368421296296294 0.7526881712962963
0 0.08120300694444443 0.7768817199074074 0.08571428472222221 0.7217741944444444 0.08045112731481481 0.692204300925926 0.07744360879629629 0.6881720439814815 0.07067669212962963 0.692204300925926 0.06315789583333332 0.7163978495370371 0.06616541435185186 0.7365591388888889 0.06390977546296296 0.762096773148148 0.08120300694444443 0.7768817199074074
0 0.16842105324074075 0.7661290324074074 0.15789473611111113 0.7446236550925925 0.16090225462962962 0.7190860208333333 0.15413533796296297 0.682795699074074 0.14661654166666668 0.6841397847222223 0.14135338425925925 0.7190860208333333 0.14360902314814816 0.8064516134259259 0.14887218055555554 0.8158602152777777 0.16090225462962962 0.8158602152777777 0.16842105324074075 0.7661290324074074
0 0.2225563912037037 0.7916666666666666 0.22105263194444444 0.7231182800925926 0.21203007407407407 0.7083333333333334 0.2075187962962963 0.692204300925926 0.20150375925925926 0.6962365601851852 0.19924812037037037 0.7325268819444445 0.19924812037037037 0.7930107523148148 0.2022556388888889 0.8104838703703704 0.21353383564814815 0.8131720439814815 0.2225563912037037 0.7916666666666666
0 0.1977443611111111 0.705645162037037 0.1977443611111111 0.6948924722222223 0.19323308333333333 0.6814516134259259 0.1969924814814815 0.6612903217592593 0.18796992592592593 0.6559139791666667 0.18270676620370369 0.6666666666666666 0.1804511273148148 0.6989247314814814 0.18872180555555557 0.7177419351851853 0.19323308333333333 0.7190860208333333 0.1977443611111111 0.705645162037037
0 0.2556390972222222 0.772849462962963 0.26165413425925926 0.7513440856481481 0.2624060138888889 0.7069892476851852 0.2503759398148148 0.6733870972222222 0.2443609027777778 0.669354837962963 0.23984962499999998 0.6747311828703704 0.24060150462962965 0.7405913981481481 0.24586466203703702 0.7580645162037037 0.24586466203703702 0.7688172037037037 0.2556390972222222 0.772849462962963
0 0.27894736805555553 0.6787634398148148 0.27218045138888886 0.6760752685185186 0.26541353472222223 0.692204300925926 0.2669172939814815 0.7298387106481482 0.284210525462963 0.727150537037037 0.284210525462963 0.6948924722222223 0.27894736805555553 0.6787634398148148
0 0.3112781944444445 0.7217741944444444 0.30827067592592594 0.6975806458333333 0.29398496296296295 0.6680107523148148 0.2894736851851852 0.6680107523148148 0.2872180439814815 0.6760752685185186 0.2894736851851852 0.7473118287037037 0.2954887222222222 0.7580645162037037 0.3052631574074074 0.7540322569444444 0.3112781944444445 0.7217741944444444
0 0.3751879699074074 0.7325268819444445 0.37669172916666666 0.7405913981481481 0.38345864583333333 0.7284946226851852 0.3827067662037037 0.6612903217592593 0.3744360902777778 0.6505376342592593 0.3721804513888889 0.6411290324074074 0.36766917361111107 0.6424731180555555 0.3593984953703704 0.6586021504629629 0.3593984953703704 0.6881720439814815 0.363909775462963 0.6948924722222223 0.36766917361111107 0.7231182800925926 0.3751879699074074 0.7325268819444445
0 0.3992481203703704 0.6787634398148148 0.39172932407407407 0.6411290324074074 0.3864661643518519 0.6451612893518518 0.38421052546296297 0.682795699074074 0.3804511273148148 0.6881720439814815 0.3849624050925926 0.727150537037037 0.393984962962963 0.7446236550925925 0.3992481203703704 0.7123655902777778 0.3992481203703704 0.6787634398148148
0 0.45789473611111114 0.6639784953703703 0.45413533796296296 0.6465053773148148 0.44887218055555556 0.6438172037037037 0.4421052638888889 0.6572580648148147 0.4383458657407407 0.6989247314814814 0.4571428564814815 0.7043010763888888 0.45939849537037036 0.6962365601851852 0.45789473611111114 0.6639784953703703
0 0.4699248125 0.6948924722222223 0.47669172916666663 0.6989247314814814 0.4804511273148148 0.7110215046296297 0.4864661643518518 0.6774193541666667 0.4857142847222222 0.637096773148148 0.4744360902777778 0.6115591388888889 0.4684210532407408 0.6196236550925925 0.47067669212962965 0.637096773148148 0.4661654143518518 0.6639784953703703 0.4676691736111111 0.6868279560185185 0.4699248125 0.6948924722222223
0 0.5135338356481481 0.7231182800925926 0.515789474537037 0.7069892476851852 0.518045113425926 0.659946236111111 0.5127819560185185 0.6505376342592593 0.5120300740740741 0.6384408611111111 0.5075187962962963 0.637096773148148 0.5037593981481481 0.6532258055555556 0.49774436111111114 0.6612903217592593 0.5015037592592593 0.7244623657407407 0.5045112777777777 0.7298387106481482 0.5097744351851852 0.7284946226851852 0.5135338356481481 0.7231182800925926
0 0.5300751875 0.7016129027777778 0.5308270671296297 0.6680107523148148 0.5255639097222222 0.6518817199074074 0.5225563912037037 0.647849462962963 0.5203007523148148 0.6532258055555556 0.5165413541666667 0.6975806458333333 0.518045113425926 0.715053763888889 0.5233082708333333 0.7177419351851853 0.5300751875 0.7016129027777778
0 0.539849625 0.7069892476851852 0.5496240601851852 0.7069892476851852 0.5548872175925926 0.6733870972222222 0.5503759398148148 0.637096773148148 0.5436090231481482 0.6182795694444444 0.5390977453703704 0.6182795694444444 0.5330827060185185 0.6397849467592592 0.5315789467592592 0.6545698935185186 0.5390977453703704 0.6626344097222222 0.5375939861111111 0.6989247314814814 0.539849625 0.7069892476851852
0 0.5353383449074074 0.7392473125000001 0.5323308263888888 0.7365591388888889 0.5248120300925926 0.7432795694444444 0.5210526319444445 0.7715053773148148 0.5210526319444445 0.7916666666666666 0.5406015046296296 0.7876344097222222 0.5413533842592593 0.7755376342592593 0.5353383449074074 0.7392473125000001
0 0.6285714282407407 0.6438172037037037 0.6225563912037038 0.6048387106481482 0.6187969930555555 0.6061827962962963 0.6105263148148148 0.6303763449074075 0.6112781944444444 0.669354837962963 0.6233082708333334 0.6747311828703704 0.6278195486111111 0.6639784953703703 0.6285714282407407 0.6438172037037037
0 0.603759398148148 0.6720430115740741 0.6067669166666667 0.6465053773148148 0.6052631574074074 0.6048387106481482 0.6007518796296296 0.6034946226851852 0.5932330833333334 0.6155913981481481 0.5909774444444444 0.6357526874999999 0.5947368425925925 0.6653225810185185 0.5969924814814815 0.6706989236111112 0.603759398148148 0.6720430115740741
0 0.6466165416666667 0.6854838703703704 0.6503759398148148 0.6854838703703704 0.6511278194444444 0.659946236111111 0.6443609027777777 0.6142473125000001 0.6383458657407408 0.612903226851852 0.6315789467592593 0.6344086018518519 0.6308270671296297 0.647849462962963 0.6368421041666666 0.6612903217592593 0.6368421041666666 0.669354837962963 0.6466165416666667 0.6854838703703704
0 0.6676691736111111 0.6653225810185185 0.6676691736111111 0.637096773148148 0.660150375 0.6142473125000001 0.6556390972222222 0.6155913981481481 0.6518796990740741 0.6330645162037037 0.6533834583333333 0.6639784953703703 0.6571428564814815 0.682795699074074 0.6609022546296296 0.682795699074074 0.6676691736111111 0.6653225810185185
0 0.6834586458333334 0.6680107523148148 0.6849624050925925 0.6357526874999999 0.6774436087962963 0.6142473125000001 0.6714285717592593 0.6182795694444444 0.6676691736111111 0.6330645162037037 0.6676691736111111 0.6814516134259259 0.675939849537037 0.682795699074074 0.6834586458333334 0.6680107523148148
0 0.7142857152777778 0.6706989236111112 0.7233082708333334 0.6720430115740741 0.7278195486111111 0.6276881712962963 0.7203007523148147 0.6048387106481482 0.715789474537037 0.6061827962962963 0.7097744351851851 0.6330645162037037 0.7090225555555556 0.6397849467592592 0.712030074074074 0.6438172037037037 0.7105263148148148 0.6572580648148147 0.7142857152777778 0.6706989236111112
0 0.7924812037037037 0.6720430115740741 0.7924812037037037 0.647849462962963 0.7849624050925926 0.6196236550925925 0.7789473680555555 0.6196236550925925 0.7751879699074075 0.6317204305555556 0.7744360902777778 0.659946236111111 0.7774436087962963 0.6854838703703704 0.7827067662037037 0.6895161296296296 0.7924812037037037 0.6720430115740741
0 0.8037593981481481 0.6747311828703704 0.8075187962962963 0.6612903217592593 0.8067669166666667 0.6303763449074075 0.7969924814814815 0.6102150532407408 0.7924812037037037 0.6075268819444445 0.7894736851851852 0.6115591388888889 0.787969925925926 0.6236559143518519 0.7924812037037037 0.6653225810185185 0.7962406018518519 0.6747311828703704 0.8037593981481481 0.6747311828703704
0 0.8413533842592592 0.6586021504629629 0.8413533842592592 0.6290322569444444 0.8353383449074074 0.6075268819444445 0.8300751875000001 0.6115591388888889 0.8248120300925926 0.6411290324074074 0.8338345856481482 0.6653225810185185 0.8383458657407408 0.6680107523148148 0.8413533842592592 0.6586021504629629
0 0.8624060138888888 0.6303763449074075 0.8571428564814815 0.612903226851852 0.8526315787037037 0.6142473125000001 0.8488721805555556 0.6330645162037037 0.8488721805555556 0.6841397847222223 0.8578947361111111 0.6854838703703704 0.8631578958333334 0.6612903217592593 0.8624060138888888 0.6303763449074075
0 0.8804511273148149 0.669354837962963 0.8827067662037037 0.6384408611111111 0.8759398495370371 0.612903226851852 0.8706766921296297 0.6115591388888889 0.8631578958333334 0.6276881712962963 0.8624060138888888 0.6545698935185186 0.8654135347222223 0.6666666666666666 0.8684210532407407 0.6706989236111112 0.8804511273148149 0.669354837962963
0 0.9082706759259259 0.6344086018518519 0.8984962407407407 0.6303763449074075 0.891729324074074 0.6357526874999999 0.8939849629629629 0.6760752685185186 0.9037593981481481 0.6747311828703704 0.9105263148148148 0.6438172037037037 0.9082706759259259 0.6344086018518519
0 0.9714285717592593 0.7204301064814814 0.9774436087962962 0.7244623657407407 0.9819548865740741 0.7137096782407407 0.9827067662037037 0.6424731180555555 0.9699248125 0.6196236550925925 0.9586466157407407 0.647849462962963 0.9556390972222223 0.6612903217592593 0.9616541342592593 0.6653225810185185 0.9669172939814815 0.705645162037037 0.9714285717592593 0.7204301064814814
0 0.9406015046296297 0.7190860208333333 0.9556390972222223 0.7217741944444444 0.9578947361111111 0.6841397847222223 0.9496240601851852 0.6317204305555556 0.9443609027777777 0.6303763449074075 0.9406015046296297 0.6451612893518518 0.9338345856481481 0.6532258055555556 0.9323308263888889 0.6572580648148147 0.9375939861111111 0.6626344097222222 0.939849625 0.6733870972222222 0.9406015046296297 0.7190860208333333
0 0.5834586458333333 0.8602150532407408 0.5947368425925925 0.8709677430555556 0.5992481203703703 0.8561827962962963 0.6112781944444444 0.8669354837962963 0.6225563912037038 0.8696236550925925 0.6285714282407407 0.8548387106481482 0.6390977453703703 0.8548387106481482 0.6488721805555556 0.862903226851852 0.6578947361111112 0.8575268819444445 0.6548872175925925 0.8508064513888889 0.6421052638888889 0.8427419351851853 0.6383458657407408 0.817204300925926 0.6338345856481481 0.8064516134259259 0.6142857152777778 0.8266129027777778 0.5939849629629629 0.8185483865740741 0.5736842106481481 0.8454301064814814 0.5766917291666667 0.8575268819444445 0.5699248124999999 0.8655913981481481 0.5781954884259259 0.8669354837962963 0.5834586458333333 0.8602150532407408