0 0.054887217592592595 0.7446236550925925 0.052631578703703705 0.7096774189814815 0.039849625 0.6895161296296296 0.03609022453703704 0.6895161296296296 0.03157894675925926 0.7029569884259259 0.026315789351851852 0.7298387106481482 0.03684210416666667 0.7473118287037037 0.051879699074074075 0.7513440856481481 0.054887217592592595 0.7446236550925925
0 0.0699248125 0.7674731180555555 0.07443609027777777 0.7715053773148148 0.08270676620370371 0.7674731180555555 0.08120300694444443 0.7096774189814815 0.0751879699074074 0.7083333333333334 0.07218045138888889 0.6975806458333333 0.06691729398148148 0.6935483865740741 0.055639097222222225 0.7177419351851853 0.054887217592592595 0.7231182800925926 0.06165413425925926 0.7258064513888889 0.06466165509259258 0.7352150532407408 0.0699248125 0.7674731180555555
0 0.20375939814814817 0.737903226851852 0.20075187962962962 0.7540322569444444 0.2052631574074074 0.7594086018518519 0.21503759490740743 0.7244623657407407 0.20977443518518518 0.7190860208333333 0.19248120370370372 0.6491935486111111 0.18571428472222223 0.6532258055555556 0.17669172916666667 0.6801075277777777 0.1751879699074074 0.7002688171296296 0.18120300694444444 0.7123655902777778 0.2022556388888889 0.7311827962962963 0.20375939814814817 0.737903226851852
0 0.2556390972222222 0.7432795694444444 0.2631578958333333 0.7513440856481481 0.27368421064814813 0.7298387106481482 0.28120300694444444 0.7231182800925926 0.2699248125 0.692204300925926 0.27067669212962964 0.682795699074074 0.2669172939814815 0.6787634398148148 0.26165413425925926 0.682795699074074 0.26165413425925926 0.6935483865740741 0.25413533796296295 0.7096774189814815 0.25187969907407404 0.7231182800925926 0.2556390972222222 0.7432795694444444
0 0.3090225555555556 0.7231182800925926 0.30451127777777776 0.7083333333333334 0.2977443611111111 0.7110215046296297 0.2954887222222222 0.7352150532407408 0.3 0.7473118287037037 0.3037593981481482 0.7298387106481482 0.3090225555555556 0.7231182800925926
0 0.3503759398148148 0.7043010763888888 0.3496240601851852 0.6572580648148147 0.3451127824074074 0.6384408611111111 0.3421052638888889 0.6330645162037037 0.3383458657407407 0.6344086018518519 0.3300751875 0.6505376342592593 0.32857142824074076 0.669354837962963 0.33383458564814816 0.7177419351851853 0.34812030092592594 0.7190860208333333 0.3503759398148148 0.7043010763888888
0 0.3631578958333333 0.7284946226851852 0.36842105324074076 0.6989247314814814 0.36992481250000003 0.6559139791666667 0.3593984953703704 0.6357526874999999 0.354135337962963 0.6397849467592592 0.35112781944444443 0.6572580648148147 0.35338345833333334 0.7123655902777778 0.35864661574074075 0.727150537037037 0.3631578958333333 0.7284946226851852
0 0.37744360879629635 0.7258064513888889 0.3864661643518519 0.727150537037037 0.39022556481481485 0.7231182800925926 0.3924812037037037 0.7096774189814815 0.3887218055555555 0.6505376342592593 0.3796992476851852 0.6330645162037037 0.37669172916666666 0.6317204305555556 0.37368421064814816 0.6384408611111111 0.3706766921296296 0.6505376342592593 0.3751879699074074 0.6760752685185186 0.375939849537037 0.7204301064814814 0.37744360879629635 0.7258064513888889
0 0.39624060185185184 0.7190860208333333 0.4 0.7204301064814814 0.40902255555555556 0.7043010763888888 0.4120300740740741 0.6572580648148147 0.39849624074074075 0.6303763449074075 0.3894736851851852 0.6465053773148148 0.39022556481481485 0.6639784953703703 0.3947368425925926 0.6720430115740741 0.393984962962963 0.7096774189814815 0.39624060185185184 0.7190860208333333
0 0.4293233078703704 0.6962365601851852 0.43157894675925923 0.6465053773148148 0.42406015046296297 0.625 0.4172932337962963 0.625 0.4105263148148148 0.6518817199074074 0.4172932337962963 0.705645162037037 0.4248120300925926 0.7096774189814815 0.4293233078703704 0.6962365601851852
0 0.5082706759259259 0.6290322569444444 0.5052631574074075 0.6236559143518519 0.5015037592592593 0.625 0.4932330833333334 0.6451612893518518 0.49548872222222223 0.6881720439814815 0.5082706759259259 0.692204300925926 0.5120300740740741 0.6680107523148148 0.5082706759259259 0.6290322569444444
0 0.4804511273148148 0.7137096782407407 0.4857142847222222 0.7110215046296297 0.49097744444444447 0.6975806458333333 0.4924812037037037 0.6747311828703704 0.4894736851851852 0.6451612893518518 0.4774436087962963 0.6209677430555556 0.4676691736111111 0.6397849467592592 0.46691729398148146 0.6532258055555556 0.47293233101851856 0.6760752685185186 0.47293233101851856 0.6895161296296296 0.4804511273148148 0.7137096782407407
0 0.5263157893518519 0.6424731180555555 0.5165413541666667 0.6263440856481481 0.5112781944444444 0.6384408611111111 0.5112781944444444 0.7069892476851852 0.5195488726851851 0.7258064513888889 0.5263157893518519 0.7029569884259259 0.5263157893518519 0.6424731180555555
0 0.539849625 0.6532258055555556 0.5315789467592592 0.6263440856481481 0.5270676689814815 0.6263440856481481 0.5248120300925926 0.6330645162037037 0.5248120300925926 0.7029569884259259 0.5293233078703703 0.7083333333333334 0.5390977453703704 0.6774193541666667 0.539849625 0.6532258055555556
0 0.5466165416666667 0.7016129027777778 0.554135337962963 0.6895161296296296 0.5586466157407407 0.6438172037037037 0.5503759398148148 0.6155913981481481 0.5443609027777777 0.6155913981481481 0.5451127824074073 0.637096773148148 0.536090224537037 0.6935483865740741 0.5368421041666667 0.6989247314814814 0.5466165416666667 0.7016129027777778
0 0.5714285717592593 0.727150537037037 0.5774436087962963 0.6706989236111112 0.5669172939814815 0.6424731180555555 0.5631578958333333 0.6438172037037037 0.5624060138888889 0.6559139791666667 0.5571428564814814 0.6626344097222222 0.5571428564814814 0.7137096782407407 0.5593984953703703 0.7311827962962963 0.5661654143518519 0.7338709675925926 0.5714285717592593 0.727150537037037
0 0.5984962407407408 0.705645162037037 0.5992481203703703 0.669354837962963 0.5924812037037037 0.6438172037037037 0.5879699259259259 0.6424731180555555 0.5857142847222222 0.6465053773148148 0.5864661643518518 0.705645162037037 0.5954887222222222 0.7163978495370371 0.5984962407407408 0.705645162037037
0 0.6150375949074074 0.6518817199074074 0.6150375949074074 0.6317204305555556 0.6090225555555555 0.6115591388888889 0.6052631574074074 0.6102150532407408 0.5962406018518519 0.6317204305555556 0.5969924814814815 0.6532258055555556 0.6067669166666667 0.6639784953703703 0.6112781944444444 0.6626344097222222 0.6150375949074074 0.6518817199074074
0 0.6293233078703703 0.659946236111111 0.6233082708333334 0.6102150532407408 0.6195488726851851 0.6102150532407408 0.6135338356481482 0.6236559143518519 0.6142857152777778 0.6612903217592593 0.6195488726851851 0.6706989236111112 0.6270676689814815 0.6720430115740741 0.6293233078703703 0.659946236111111
0 0.6691729328703704 0.6330645162037037 0.6593984953703703 0.6155913981481481 0.6511278194444444 0.6411290324074074 0.6496240601851851 0.6841397847222223 0.6578947361111112 0.6908602152777777 0.6646616550925926 0.6774193541666667 0.6691729328703704 0.6330645162037037
0 0.6556390972222222 0.6276881712962963 0.6541353379629629 0.6115591388888889 0.6503759398148148 0.612903226851852 0.6466165416666667 0.6263440856481481 0.6473684212962963 0.6438172037037037 0.6503759398148148 0.6465053773148148 0.6556390972222222 0.6276881712962963
0 0.6812030069444445 0.6841397847222223 0.6864661643518518 0.6733870972222222 0.687969925925926 0.637096773148148 0.6819548865740741 0.6182795694444444 0.6751879699074074 0.6196236550925925 0.6706766921296295 0.6357526874999999 0.6744360902777777 0.6572580648148147 0.6736842106481482 0.6814516134259259 0.6812030069444445 0.6841397847222223
0 0.7030075185185185 0.6303763449074075 0.6969924814814815 0.6182795694444444 0.6917293240740741 0.625 0.6909774444444444 0.6720430115740741 0.6924812037037037 0.6760752685185186 0.7037593981481481 0.6747311828703704 0.7030075185185185 0.6303763449074075
0 0.7413533842592592 0.647849462962963 0.7383458657407408 0.647849462962963 0.7330827060185185 0.6612903217592593 0.7330827060185185 0.6854838703703704 0.7368421041666666 0.6895161296296296 0.7466165416666667 0.6653225810185185 0.7413533842592592 0.647849462962963
0 0.7661654143518518 0.6532258055555556 0.7616541342592592 0.6518817199074074 0.7586466157407408 0.6572580648148147 0.7578947361111111 0.6706989236111112 0.7609022546296296 0.6774193541666667 0.7691729328703704 0.6747311828703704 0.7661654143518518 0.6532258055555556
0 0.7902255648148149 0.6720430115740741 0.7887218055555556 0.6397849467592592 0.7804511273148148 0.6223118287037037 0.7714285717592593 0.6344086018518519 0.7699248125000001 0.6424731180555555 0.7774436087962963 0.6854838703703704 0.7827067662037037 0.6881720439814815 0.7902255648148149 0.6720430115740741
0 0.8015037592592592 0.6720430115740741 0.806015037037037 0.659946236111111 0.8037593981481481 0.6263440856481481 0.7947368425925926 0.6075268819444445 0.7909774444444444 0.6088709675925926 0.787969925925926 0.6182795694444444 0.7864661643518518 0.6303763449074075 0.791729324074074 0.6653225810185185 0.7962406018518519 0.6720430115740741 0.8015037592592592 0.6720430115740741
0 0.8308270671296296 0.6680107523148148 0.824060150462963 0.6518817199074074 0.8165413541666666 0.6559139791666667 0.8165413541666666 0.6747311828703704 0.8233082708333334 0.6881720439814815 0.8278195486111111 0.6881720439814815 0.8308270671296296 0.6680107523148148
0 0.8413533842592592 0.669354837962963 0.8451127824074075 0.6559139791666667 0.8451127824074075 0.6263440856481481 0.8383458657407408 0.612903226851852 0.8308270671296296 0.6263440856481481 0.8285714282407407 0.6397849467592592 0.8330827060185185 0.6626344097222222 0.836090224537037 0.669354837962963 0.8413533842592592 0.669354837962963
0 0.851879699074074 0.6881720439814815 0.8578947361111111 0.6639784953703703 0.8586466157407407 0.6317204305555556 0.8526315787037037 0.612903226851852 0.8481203009259259 0.6155913981481481 0.8443609027777778 0.6317204305555556 0.8443609027777778 0.6666666666666666 0.8481203009259259 0.6854838703703704 0.851879699074074 0.6881720439814815
0 0.8812030069444445 0.6223118287037037 0.8714285717592593 0.6102150532407408 0.8646616550925926 0.6276881712962963 0.8684210532407407 0.6706989236111112 0.8819548865740741 0.6706989236111112 0.8849624050925926 0.6491935486111111 0.8812030069444445 0.6223118287037037
0 0.8984962407407407 0.6411290324074074 0.9060150370370371 0.625 0.9007518796296297 0.6102150532407408 0.896240601851852 0.6102150532407408 0.8887218055555556 0.6290322569444444 0.8887218055555556 0.6747311828703704 0.8932330833333333 0.6801075277777777 0.8977443611111111 0.6666666666666666 0.8984962407407407 0.6411290324074074
0 0.9067669166666666 0.625 0.8984962407407407 0.6397849467592592 0.9 0.6706989236111112 0.9112781944444445 0.6666666666666666 0.9142857152777778 0.6344086018518519 0.9067669166666666 0.625
0 0.9458646620370371 0.7244623657407407 0.9496240601851852 0.715053763888889 0.9518796990740741 0.692204300925926 0.9511278194444445 0.6532258055555556 0.9458646620370371 0.6330645162037037 0.9353383449074074 0.6465053773148148 0.9323308263888889 0.6747311828703704 0.9338345856481481 0.7123655902777778 0.9368421041666666 0.7204301064814814 0.9458646620370371 0.7244623657407407
0 0.9736842106481481 0.7029569884259259 0.9774436087962962 0.692204300925926 0.975939849537037 0.6612903217592593 0.9706766921296297 0.6384408611111111 0.9684210532407407 0.6344086018518519 0.9631578958333333 0.6384408611111111 0.9593984953703704 0.6948924722222223 0.9646616550925926 0.7137096782407407 0.9729323310185185 0.7204301064814814 0.9736842106481481 0.7029569884259259
0 0.9849624050925926 0.6680107523148148 0.9872180439814815 0.6384408611111111 0.9774436087962962 0.6115591388888889 0.9729323310185185 0.612903226851852 0.9706766921296297 0.6290322569444444 0.9729323310185185 0.6438172037037037 0.9789473680555555 0.6639784953703703 0.9849624050925926 0.6680107523148148
0 0.5466165416666667 0.7365591388888889 0.5466165416666667 0.7029569884259259 0.536090224537037 0.6948924722222223 0.5225563912037037 0.7298387106481482 0.5225563912037037 0.7392473125000001 0.5293233078703703 0.7513440856481481 0.5383458657407407 0.7365591388888889 0.5466165416666667 0.7365591388888889
0 0.5924812037037037 0.7325268819444445 0.5939849629629629 0.7177419351851853 0.5849624050925926 0.7069892476851852 0.5774436087962963 0.7258064513888889 0.5684210532407408 0.7365591388888889 0.5669172939814815 0.7473118287037037 0.5774436087962963 0.7540322569444444 0.5857142847222222 0.7365591388888889 0.5924812037037037 0.7325268819444445
0 0.5413533842592593 0.7782258055555556 0.5300751875 0.75 0.521804511574074 0.7419354837962963 0.5195488726851851 0.7607526874999999 0.5097744351851852 0.784946236111111 0.5112781944444444 0.7930107523148148 0.5195488726851851 0.7930107523148148 0.5375939861111111 0.784946236111111 0.5413533842592593 0.7782258055555556
0 0.4142857152777778 0.7284946226851852 0.4097744351851852 0.7338709675925926 0.4105263148148148 0.75 0.42255639120370375 0.7473118287037037 0.4195488726851852 0.7298387106481482 0.4142857152777778 0.7284946226851852
0 0.3872180439814815 0.7311827962962963 0.37744360879629635 0.7338709675925926 0.37669172916666666 0.7540322569444444 0.3872180439814815 0.7540322569444444 0.3894736851851852 0.7486559143518519 0.3872180439814815 0.7311827962962963
0 0.2300751875 0.830645162037037 0.2195488726851852 0.8346774189814815 0.21879699305555556 0.8830645162037037 0.2466165416666667 0.8803763449074075 0.24135338425925926 0.8548387106481482 0.2300751875 0.830645162037037
0 0.284210525462963 0.8615591388888889 0.27894736805555553 0.8548387106481482 0.27218045138888886 0.8575268819444445 0.26917293287037036 0.8669354837962963 0.26917293287037036 0.8790322569444444 0.27819548842592595 0.8803763449074075 0.2849624050925926 0.875 0.284210525462963 0.8615591388888889
0 0.3526315787037037 0.7419354837962963 0.3443609027777778 0.7419354837962963 0.3383458657407407 0.7513440856481481 0.3383458657407407 0.7580645162037037 0.3593984953703704 0.7580645162037037 0.3526315787037037 0.7419354837962963
0 0.6368421041666666 0.8185483865740741 0.6330827060185186 0.8091397847222223 0.6278195486111111 0.8064516134259259 0.6180451134259259 0.8131720439814815 0.608270675925926 0.8346774189814815 0.5932330833333334 0.8266129027777778 0.5849624050925926 0.830645162037037 0.5774436087962963 0.8481182800925926 0.6172932337962963 0.8615591388888889 0.6338345856481481 0.8387096782407407 0.6368421041666666 0.8185483865740741
0 0.603120300925926 0.8273413981481481 0.6107135347222221 0.8273413981481481 0.6274187962962963 0.838204300925926 0.6410872175925926 0.8517809143518519 0.6471616550925925 0.8558548379629629 0.6539954884259259 0.8504233865740741 0.6524766921296297 0.8409193541666666 0.642605263888889 0.8287002685185185 0.6327345856481481 0.8137647847222221 0.6213443611111111 0.8042594097222222 0.6145105254629629 0.7852513449074074 0.6046390972222222 0.7730322569444444 0.6008421041666666 0.7825362893518518 0.598564662037037 0.8001868287037036 0.5955270671296297 0.8096908611111111 0.5978052638888889 0.8151223125 0.603120300925926 0.8273413981481481
0 0.45563909722222223 0.7123655902777778 0.45789473611111114 0.6854838703703704 0.45263157870370374 0.6706989236111112 0.445864662037037 0.6720430115740741 0.44060150462962966 0.6895161296296296 0.45037593981481483 0.7029569884259259 0.45263157870370374 0.7123655902777778 0.45563909722222223 0.7123655902777778