0 0.06541353472222222 0.7540322569444444 0.06917293287037037 0.7513440856481481 0.07142857175925926 0.7352150532407408 0.08120300694444443 0.7231182800925926 0.07218045138888889 0.6895161296296296 0.06390977546296296 0.692204300925926 0.05864661574074074 0.7231182800925926 0.06240601388888889 0.727150537037037 0.06240601388888889 0.7526881712962963 0.06541353472222222 0.7540322569444444
0 0.04812030092592593 0.7567204305555556 0.05413533796296296 0.7526881712962963 0.054887217592592595 0.715053763888889 0.04285714351851851 0.6841397847222223 0.03684210416666667 0.6895161296296296 0.027819548611111113 0.7163978495370371 0.024060150462962965 0.7311827962962963 0.02932330787037037 0.7298387106481482 0.03533834490740741 0.7459677430555556 0.04812030092592593 0.7567204305555556
0 0.09398496296296296 0.7822580648148147 0.09172932407407408 0.762096773148148 0.08270676620370371 0.7432795694444444 0.08120300694444443 0.7298387106481482 0.0751879699074074 0.7298387106481482 0.07142857175925926 0.7365591388888889 0.06842105324074074 0.7540322569444444 0.0699248125 0.7674731180555555 0.08120300694444443 0.7795698935185186 0.09398496296296296 0.7822580648148147
0 0.19849624074074074 0.6626344097222222 0.19172932407407406 0.6532258055555556 0.18120300694444444 0.6720430115740741 0.18120300694444444 0.7096774189814815 0.19248120370370372 0.7217741944444444 0.19924812037037037 0.6868279560185185 0.19849624074074074 0.6626344097222222
0 0.22706766898148148 0.7782258055555556 0.23233082638888888 0.7405913981481481 0.23082706712962964 0.7043010763888888 0.22330827083333332 0.6868279560185185 0.22030075231481483 0.6680107523148148 0.21654135416666667 0.6666666666666666 0.21127819444444446 0.6760752685185186 0.21203007407407407 0.7526881712962963 0.2172932337962963 0.7795698935185186 0.224060150462963 0.7809139791666667 0.22706766898148148 0.7782258055555556
0 0.2586466157407407 0.7432795694444444 0.26165413425925926 0.7338709675925926 0.2684210532407407 0.7338709675925926 0.27218045138888886 0.727150537037037 0.2676691736111111 0.6397849467592592 0.2609022546296296 0.6357526874999999 0.2548872175925926 0.659946236111111 0.25112781944444446 0.6639784953703703 0.24962406018518518 0.6760752685185186 0.25413533796296295 0.7002688171296296 0.2533834583333333 0.7325268819444445 0.2586466157407407 0.7432795694444444
0 0.34812030092592594 0.7526881712962963 0.3488721805555556 0.6989247314814814 0.339849625 0.6666666666666666 0.3330827060185185 0.6653225810185185 0.32706766898148143 0.7043010763888888 0.3255639097222222 0.7405913981481481 0.3278195486111111 0.7513440856481481 0.33458646527777774 0.7567204305555556 0.34812030092592594 0.7526881712962963
0 0.3421052638888889 0.6290322569444444 0.336090224537037 0.6330645162037037 0.3368421041666667 0.6626344097222222 0.3488721805555556 0.7002688171296296 0.3496240601851852 0.6545698935185186 0.3421052638888889 0.6290322569444444
0 0.3827067662037037 0.7405913981481481 0.39022556481481485 0.7459677430555556 0.39624060185185184 0.7405913981481481 0.39849624074074075 0.6989247314814814 0.40225563888888893 0.6854838703703704 0.39172932407407407 0.6639784953703703 0.39022556481481485 0.6465053773148148 0.38345864583333333 0.6505376342592593 0.3827067662037037 0.6706989236111112 0.375939849537037 0.692204300925926 0.3812030069444444 0.7137096782407407 0.3827067662037037 0.7405913981481481
0 0.37669172916666666 0.6384408611111111 0.36992481250000003 0.6438172037037037 0.36842105324074076 0.705645162037037 0.37293233101851847 0.7190860208333333 0.3812030069444444 0.6545698935185186 0.37669172916666666 0.6384408611111111
0 0.3691729328703704 0.6545698935185186 0.36616541435185185 0.6344086018518519 0.3631578958333333 0.6303763449074075 0.35864661574074075 0.6330645162037037 0.3578947361111111 0.7016129027777778 0.3624060138888889 0.7204301064814814 0.3691729328703704 0.7204301064814814 0.3691729328703704 0.6545698935185186
0 0.3804511273148148 0.6303763449074075 0.3827067662037037 0.6424731180555555 0.3887218055555555 0.6397849467592592 0.3872180439814815 0.6276881712962963 0.3804511273148148 0.6303763449074075
0 0.4030075185185185 0.7002688171296296 0.4082706759259259 0.7083333333333334 0.4127819560185185 0.7029569884259259 0.4142857152777778 0.6680107523148148 0.40902255555555556 0.6451612893518518 0.4007518796296296 0.6303763449074075 0.3954887222222222 0.6330645162037037 0.39172932407407407 0.6438172037037037 0.393984962962963 0.6680107523148148 0.4007518796296296 0.6814516134259259 0.4030075185185185 0.7002688171296296
0 0.42857142824074074 0.682795699074074 0.42857142824074074 0.6276881712962963 0.42030075231481484 0.6263440856481481 0.4142857152777778 0.6465053773148148 0.4135338356481481 0.6841397847222223 0.4180451134259259 0.7069892476851852 0.42255639120370375 0.7069892476851852 0.42857142824074074 0.682795699074074
0 0.4548872175925926 0.6586021504629629 0.44661654166666664 0.6344086018518519 0.44060150462962966 0.637096773148148 0.43383458564814814 0.6586021504629629 0.4390977453703704 0.6733870972222222 0.439849625 0.6935483865740741 0.4548872175925926 0.6908602152777777 0.4548872175925926 0.6586021504629629
0 0.4804511273148148 0.7069892476851852 0.4879699259259259 0.705645162037037 0.49172932407407405 0.6962365601851852 0.49172932407407405 0.6814516134259259 0.4894736851851852 0.6518817199074074 0.4849624050925926 0.637096773148148 0.47142857175925923 0.6223118287037037 0.4661654143518518 0.6397849467592592 0.46541353472222224 0.6532258055555556 0.4691729328703704 0.6586021504629629 0.47218045138888887 0.6895161296296296 0.4804511273148148 0.7069892476851852
0 0.49924812037037036 0.737903226851852 0.5067669166666666 0.7096774189814815 0.5097744351851852 0.6639784953703703 0.5030075185185185 0.6344086018518519 0.49699248148148145 0.6330645162037037 0.49548872222222223 0.6384408611111111 0.49022556481481483 0.659946236111111 0.49097744444444447 0.7163978495370371 0.4932330833333334 0.7325268819444445 0.49924812037037036 0.737903226851852
0 0.5233082708333333 0.7137096782407407 0.5293233078703703 0.6962365601851852 0.5278195486111111 0.6532258055555556 0.5210526319444445 0.6290322569444444 0.5142857152777778 0.6290322569444444 0.5112781944444444 0.6451612893518518 0.5135338356481481 0.7016129027777778 0.5150375949074074 0.7083333333333334 0.5233082708333333 0.7137096782407407
0 0.5699248124999999 0.6653225810185185 0.5654135347222222 0.647849462962963 0.5533834583333334 0.6317204305555556 0.5518796990740741 0.7096774189814815 0.5609022546296296 0.7325268819444445 0.5684210532407408 0.7096774189814815 0.5699248124999999 0.6653225810185185
0 0.5496240601851852 0.6801075277777777 0.5496240601851852 0.6680107523148148 0.5556390972222223 0.6559139791666667 0.5571428564814814 0.6384408611111111 0.5503759398148148 0.6142473125000001 0.5428571435185185 0.6263440856481481 0.5436090231481482 0.6357526874999999 0.5406015046296296 0.6397849467592592 0.539849625 0.6639784953703703 0.5428571435185185 0.669354837962963 0.5481203009259259 0.6653225810185185 0.5496240601851852 0.6801075277777777
0 0.6112781944444444 0.6572580648148147 0.6120300740740741 0.6223118287037037 0.6022556388888889 0.602150537037037 0.5969924814814815 0.6048387106481482 0.5932330833333334 0.6169354837962963 0.5954887222222222 0.6545698935185186 0.6075187962962963 0.6653225810185185 0.6112781944444444 0.6572580648148147
0 0.6270676689814815 0.6290322569444444 0.6187969930555555 0.6102150532407408 0.615789474537037 0.6088709675925926 0.6127819560185186 0.6155913981481481 0.6127819560185186 0.669354837962963 0.6255639097222222 0.6733870972222222 0.6293233078703703 0.6411290324074074 0.6270676689814815 0.6290322569444444
0 0.6526315787037037 0.682795699074074 0.6533834583333333 0.6626344097222222 0.6511278194444444 0.637096773148148 0.6421052638888889 0.6142473125000001 0.636090224537037 0.6196236550925925 0.6338345856481481 0.647849462962963 0.6375939861111112 0.6747311828703704 0.6496240601851851 0.6868279560185185 0.6526315787037037 0.682795699074074
0 0.6684210532407407 0.6424731180555555 0.6616541342592592 0.6169354837962963 0.6578947361111112 0.6142473125000001 0.6518796990740741 0.6317204305555556 0.6541353379629629 0.6612903217592593 0.6578947361111112 0.6706989236111112 0.6654135347222222 0.6680107523148148 0.6684210532407407 0.6424731180555555
0 0.6857142847222222 0.6330645162037037 0.6796992476851851 0.6209677430555556 0.6699248124999999 0.6263440856481481 0.6699248124999999 0.6801075277777777 0.6781954884259259 0.682795699074074 0.6827067662037037 0.6706989236111112 0.6857142847222222 0.6330645162037037
0 0.5345864652777778 0.7432795694444444 0.5481203009259259 0.7365591388888889 0.5473684212962963 0.7231182800925926 0.5375939861111111 0.7002688171296296 0.5308270671296297 0.7029569884259259 0.5278195486111111 0.7137096782407407 0.5203007523148148 0.7231182800925926 0.5203007523148148 0.7365591388888889 0.5285714282407408 0.7580645162037037 0.5315789467592592 0.7580645162037037 0.5345864652777778 0.7432795694444444
0 0.6962406018518519 0.6196236550925925 0.6932330833333333 0.6223118287037037 0.6917293240740741 0.6465053773148148 0.6917293240740741 0.6733870972222222 0.7030075185185185 0.6733870972222222 0.7 0.625 0.6962406018518519 0.6196236550925925
0 0.7466165416666667 0.6626344097222222 0.7413533842592592 0.6465053773148148 0.7338345856481482 0.6586021504629629 0.7338345856481482 0.6787634398148148 0.7383458657407408 0.6854838703703704 0.7466165416666667 0.669354837962963 0.7466165416666667 0.6626344097222222
0 0.8052631574074075 0.6586021504629629 0.8037593981481481 0.6276881712962963 0.7954887222222223 0.6088709675925926 0.7887218055555556 0.6102150532407408 0.7872180439814814 0.6223118287037037 0.791729324074074 0.6639784953703703 0.8 0.6720430115740741 0.8052631574074075 0.6586021504629629
0 0.8428571435185185 0.6586021504629629 0.8428571435185185 0.6357526874999999 0.8383458657407408 0.6115591388888889 0.8323308263888889 0.6115591388888889 0.8270676689814814 0.6276881712962963 0.8263157893518518 0.6424731180555555 0.8308270671296296 0.6612903217592593 0.839849625 0.6666666666666666 0.8428571435185185 0.6586021504629629
0 0.8661654143518519 0.6330645162037037 0.8593984953703704 0.612903226851852 0.8548872175925927 0.6142473125000001 0.8488721805555556 0.6330645162037037 0.8481203009259259 0.6733870972222222 0.8556390972222223 0.6854838703703704 0.8646616550925926 0.6680107523148148 0.8661654143518519 0.6330645162037037
0 0.8849624050925926 0.6344086018518519 0.8796992476851853 0.612903226851852 0.8721804513888889 0.6088709675925926 0.8676691736111111 0.6276881712962963 0.8661654143518519 0.6545698935185186 0.8691729328703703 0.6680107523148148 0.8827067662037037 0.6666666666666666 0.8849624050925926 0.6344086018518519
0 0.8977443611111111 0.6706989236111112 0.9007518796296297 0.6263440856481481 0.8969924814814815 0.6115591388888889 0.8864661643518518 0.6182795694444444 0.884210525462963 0.6223118287037037 0.8864661643518518 0.6747311828703704 0.8902255648148149 0.6841397847222223 0.8977443611111111 0.6706989236111112
0 0.912030074074074 0.6384408611111111 0.9075187962962963 0.612903226851852 0.9030075185185185 0.6155913981481481 0.8984962407407407 0.6438172037037037 0.8977443611111111 0.6572580648148147 0.9007518796296297 0.669354837962963 0.9097744351851852 0.6706989236111112 0.912030074074074 0.6384408611111111
0 0.9586466157407407 0.6303763449074075 0.9526315787037036 0.6303763449074075 0.9488721805555556 0.6397849467592592 0.9451127824074074 0.6720430115740741 0.9466165416666668 0.7137096782407407 0.9571428564814815 0.7190860208333333 0.9669172939814815 0.7016129027777778 0.9586466157407407 0.6303763449074075