0 0.050375939814814814 0.7553763449074075 0.050375939814814814 0.7096774189814815 0.04135338425925926 0.6895161296296296 0.03533834490740741 0.6895161296296296 0.024060150462962965 0.7204301064814814 0.022556391203703702 0.7311827962962963 0.0300751875 0.7352150532407408 0.03609022453703704 0.7473118287037037 0.050375939814814814 0.7553763449074075
0 0.08270676620370371 0.7177419351851853 0.07368421064814815 0.6895161296296296 0.06766917361111112 0.6948924722222223 0.06165413425925926 0.7163978495370371 0.07067669212962963 0.7688172037037037 0.07894736805555556 0.7741935486111111 0.08421052546296295 0.7567204305555556 0.08270676620370371 0.7177419351851853
0 0.2 0.7231182800925926 0.20150375925925926 0.6895161296296296 0.1977443611111111 0.6787634398148148 0.19624060185185185 0.6532258055555556 0.1902255648148148 0.6505376342592593 0.18796992592592593 0.6545698935185186 0.18345864583333335 0.6841397847222223 0.18345864583333335 0.7096774189814815 0.19624060185185185 0.7258064513888889 0.2 0.7231182800925926
0 0.1796992476851852 0.7190860208333333 0.1751879699074074 0.7190860208333333 0.1751879699074074 0.727150537037037 0.18270676620370369 0.7231182800925926 0.1796992476851852 0.7190860208333333
0 0.18345864583333335 0.6915322569444444 0.18571428472222223 0.6545698935185186 0.17744360879629628 0.6572580648148147 0.17593984953703704 0.6747311828703704 0.17142857175925924 0.6868279560185185 0.1721804513888889 0.7016129027777778 0.17894736805555556 0.7110215046296297 0.18721804398148148 0.7123655902777778 0.18345864583333335 0.6915322569444444
0 0.23684210416666665 0.7298387106481482 0.23759398611111113 0.7432795694444444 0.24285714351851853 0.7231182800925926 0.24210526388888887 0.6760752685185186 0.23157894675925927 0.6586021504629629 0.224060150462963 0.6760752685185186 0.22030075231481483 0.6908602152777777 0.22781954861111112 0.692204300925926 0.22857142824074075 0.7244623657407407 0.23684210416666665 0.7298387106481482
0 0.2669172939814815 0.7137096782407407 0.26390977546296296 0.692204300925926 0.27067669212962964 0.6854838703703704 0.27218045138888886 0.6774193541666667 0.2669172939814815 0.647849462962963 0.2624060138888889 0.6451612893518518 0.25112781944444446 0.6626344097222222 0.24962406018518518 0.6706989236111112 0.24812030092592594 0.7258064513888889 0.2548872175925926 0.7459677430555556 0.26541353472222223 0.7352150532407408 0.2669172939814815 0.7137096782407407
0 0.21353383564814815 0.7795698935185186 0.20601503703703705 0.7688172037037037 0.2022556388888889 0.7688172037037037 0.19849624074074074 0.7795698935185186 0.19248120370370372 0.8104838703703704 0.1977443611111111 0.8145161296296296 0.21278195601851854 0.8118279560185185 0.21353383564814815 0.7795698935185186
0 0.336090224537037 0.8817204305555556 0.3300751875 0.8333333333333334 0.3255639097222222 0.8225806458333333 0.3165413541666667 0.8266129027777778 0.3127819560185185 0.8481182800925926 0.3067669166666666 0.8602150532407408 0.30601503703703703 0.8736559143518519 0.3090225555555556 0.8857526874999999 0.32105263194444444 0.8884408611111111 0.336090224537037 0.8817204305555556
0 0.3849624050925926 0.9838709675925926 0.3872180439814815 0.987903226851852 0.3954887222222222 0.9677419351851853 0.40751879629629634 0.9717741944444444 0.4097744351851852 0.9663978495370371 0.4097744351851852 0.9274193541666667 0.40526315740740737 0.9166666666666666 0.406015037037037 0.8924731180555555 0.40225563888888893 0.8857526874999999 0.4120300740740741 0.8723118287037037 0.4120300740740741 0.8588709675925926 0.3819548865740741 0.8763440856481481 0.3796992476851852 0.8830645162037037 0.3857142847222222 0.9045698935185186 0.38345864583333333 0.942204300925926 0.3849624050925926 0.9838709675925926
0 0.4 0.8279569884259259 0.39774436111111117 0.8024193541666667 0.3872180439814815 0.7983870972222222 0.3849624050925926 0.8024193541666667 0.3864661643518519 0.8225806458333333 0.37669172916666666 0.852150537037037 0.375939849537037 0.8655913981481481 0.3804511273148148 0.8655913981481481 0.4112781944444444 0.8413978495370371 0.4 0.8279569884259259
0 0.6406015046296296 0.8373655902777778 0.6383458657407408 0.8118279560185185 0.6338345856481481 0.8051075277777777 0.6263157893518518 0.807795699074074 0.6203007523148147 0.8252688171296296 0.603759398148148 0.8225806458333333 0.5992481203703703 0.8319892476851852 0.5984962407407408 0.8373655902777778 0.615789474537037 0.8669354837962963 0.6240601504629629 0.8655913981481481 0.6406015046296296 0.8373655902777778
0 0.6165413541666667 0.7916666666666666 0.615789474537037 0.784946236111111 0.6052631574074074 0.7701612893518518 0.5947368425925925 0.7755376342592593 0.5939849629629629 0.7997311828703704 0.5992481203703703 0.8239247314814814 0.6120300740740741 0.8131720439814815 0.6165413541666667 0.7916666666666666
0 0.8045112777777779 0.7661290324074074 0.7992481203703704 0.7486559143518519 0.7909774444444444 0.7486559143518519 0.7849624050925926 0.7580645162037037 0.7766917291666666 0.7970430115740741 0.775939849537037 0.8118279560185185 0.7857142847222222 0.8319892476851852 0.806015037037037 0.8266129027777778 0.8045112777777779 0.7661290324074074
0 0.8849624050925926 0.8333333333333334 0.8894736851851852 0.8239247314814814 0.8977443611111111 0.8239247314814814 0.8894736851851852 0.8118279560185185 0.896240601851852 0.7903225810185185 0.8902255648148149 0.7580645162037037 0.884210525462963 0.7567204305555556 0.8729323310185185 0.7661290324074074 0.8631578958333334 0.7822580648148147 0.8631578958333334 0.794354837962963 0.8729323310185185 0.8051075277777777 0.8812030069444445 0.8333333333333334 0.8849624050925926 0.8333333333333334
0 0.9879699259259259 0.6706989236111112 0.9834586458333333 0.6505376342592593 0.984210525462963 0.6397849467592592 0.9804511273148149 0.6317204305555556 0.9751879699074074 0.6317204305555556 0.9699248125 0.6411290324074074 0.9699248125 0.7244623657407407 0.9744360902777778 0.7284946226851852 0.9864661643518519 0.7043010763888888 0.9879699259259259 0.6706989236111112
0 0.9992481203703704 0.7096774189814815 0.9917293240740741 0.7177419351851853 0.9864661643518519 0.7419354837962963 0.9909774444444445 0.7486559143518519 0.9992481203703704 0.7486559143518519 0.9992481203703704 0.7096774189814815
0 0.9353383449074074 0.7338709675925926 0.9428571435185185 0.6720430115740741 0.9413533842592593 0.6559139791666667 0.9375939861111111 0.6438172037037037 0.9315789467592593 0.6411290324074074 0.9218045115740741 0.6532258055555556 0.9195488726851851 0.669354837962963 0.9225563912037037 0.7190860208333333 0.9315789467592593 0.7338709675925926 0.9353383449074074 0.7338709675925926
0 0.9007518796296297 0.669354837962963 0.9045112777777778 0.6545698935185186 0.9022556388888888 0.6236559143518519 0.8924812037037037 0.6115591388888889 0.8857142847222222 0.6276881712962963 0.8849624050925926 0.637096773148148 0.8909774444444445 0.6532258055555556 0.8924812037037037 0.6680107523148148 0.9007518796296297 0.669354837962963
0 0.8669172939814814 0.6680107523148148 0.8593984953703704 0.6532258055555556 0.8548872175925927 0.6559139791666667 0.851879699074074 0.6653225810185185 0.8481203009259259 0.6854838703703704 0.8593984953703704 0.6962365601851852 0.8654135347222223 0.6881720439814815 0.8669172939814814 0.6680107523148148
0 0.8270676689814814 0.6895161296296296 0.8323308263888889 0.6733870972222222 0.8278195486111111 0.6559139791666667 0.8225563912037037 0.6505376342592593 0.8165413541666666 0.6626344097222222 0.8165413541666666 0.6747311828703704 0.8210526319444443 0.6774193541666667 0.8233082708333334 0.6895161296296296 0.8270676689814814 0.6895161296296296
0 0.8037593981481481 0.6182795694444444 0.7962406018518519 0.6048387106481482 0.7894736851851852 0.6196236550925925 0.7924812037037037 0.6626344097222222 0.806015037037037 0.6612903217592593 0.8075187962962963 0.6451612893518518 0.8037593981481481 0.6182795694444444
0 0.791729324074074 0.6639784953703703 0.7887218055555556 0.6276881712962963 0.784210525462963 0.6182795694444444 0.7796992476851853 0.6182795694444444 0.7736842106481482 0.6344086018518519 0.7744360902777778 0.6666666666666666 0.7781954884259259 0.6854838703703704 0.7849624050925926 0.6841397847222223 0.791729324074074 0.6639784953703703
0 0.7428571435185185 0.659946236111111 0.7330827060185185 0.669354837962963 0.7315789467592593 0.6787634398148148 0.7353383449074073 0.6868279560185185 0.748120300925926 0.6720430115740741 0.7428571435185185 0.659946236111111
0 0.6984962407407408 0.6545698935185186 0.6924812037037037 0.6518817199074074 0.6887218055555556 0.6572580648148147 0.6894736851851853 0.6774193541666667 0.7037593981481481 0.6747311828703704 0.7037593981481481 0.6666666666666666 0.6984962407407408 0.6545698935185186
0 0.6857142847222222 0.6680107523148148 0.6827067662037037 0.6612903217592593 0.6721804513888889 0.6612903217592593 0.6676691736111111 0.6733870972222222 0.6676691736111111 0.682795699074074 0.6774436087962963 0.6962365601851852 0.6834586458333334 0.6962365601851852 0.6857142847222222 0.6680107523148148
0 0.6390977453703703 0.6236559143518519 0.6338345856481481 0.6075268819444445 0.6263157893518518 0.6276881712962963 0.6218045115740741 0.6559139791666667 0.6218045115740741 0.6680107523148148 0.6263157893518518 0.6774193541666667 0.6353383449074074 0.6747311828703704 0.6390977453703703 0.6236559143518519
0 0.6233082708333334 0.6196236550925925 0.6135338356481482 0.6008064513888889 0.603759398148148 0.6196236550925925 0.6045112777777777 0.6532258055555556 0.6203007523148147 0.6666666666666666 0.6248120300925926 0.6317204305555556 0.6233082708333334 0.6196236550925925
0 0.5834586458333333 0.692204300925926 0.5812030069444445 0.7137096782407407 0.5751879699074074 0.7298387106481482 0.5766917291666667 0.7405913981481481 0.5977443611111112 0.7298387106481482 0.5902255648148148 0.6881720439814815 0.5834586458333333 0.692204300925926
0 0.5609022546296296 0.7163978495370371 0.5631578958333333 0.6639784953703703 0.5563909768518519 0.6357526874999999 0.5503759398148148 0.6357526874999999 0.5458646620370371 0.6491935486111111 0.5421052638888889 0.6733870972222222 0.5436090231481482 0.7190860208333333 0.5533834583333334 0.7311827962962963 0.5609022546296296 0.7163978495370371
0 0.5428571435185185 0.7217741944444444 0.5413533842592593 0.6680107523148148 0.5345864652777778 0.6680107523148148 0.5300751875 0.6841397847222223 0.5315789467592592 0.727150537037037 0.5330827060185185 0.7338709675925926 0.5390977453703704 0.7352150532407408 0.5428571435185185 0.7217741944444444
0 0.5458646620370371 0.6465053773148148 0.5330827060185185 0.6465053773148148 0.5308270671296297 0.6532258055555556 0.5345864652777778 0.6639784953703703 0.5421052638888889 0.6666666666666666 0.5458646620370371 0.6465053773148148
0 0.5233082708333333 0.7204301064814814 0.5263157893518519 0.7163978495370371 0.5308270671296297 0.6680107523148148 0.518045113425926 0.6263440856481481 0.5142857152777778 0.6236559143518519 0.5112781944444444 0.6290322569444444 0.5097744351851852 0.6465053773148148 0.5142857152777778 0.6639784953703703 0.5172932337962963 0.7016129027777778 0.5233082708333333 0.7204301064814814
0 0.5203007523148148 0.7231182800925926 0.5165413541666667 0.6572580648148147 0.5120300740740741 0.6397849467592592 0.5045112777777777 0.6653225810185185 0.5067669166666666 0.7311827962962963 0.5090225555555555 0.737903226851852 0.5150375949074074 0.737903226851852 0.5203007523148148 0.7231182800925926
0 0.5015037592592593 0.6895161296296296 0.5067669166666666 0.6438172037037037 0.5015037592592593 0.6290322569444444 0.49624060185185187 0.6330645162037037 0.4932330833333334 0.6451612893518518 0.4932330833333334 0.6787634398148148 0.49624060185185187 0.6881720439814815 0.5015037592592593 0.6895161296296296
0 0.4894736851851852 0.7137096782407407 0.49097744444444447 0.692204300925926 0.4887218055555556 0.6774193541666667 0.4774436087962963 0.6666666666666666 0.4684210532407408 0.6787634398148148 0.4661654143518518 0.6895161296296296 0.4774436087962963 0.7083333333333334 0.4774436087962963 0.7137096782407407 0.4894736851851852 0.7137096782407407
0 0.45939849537037036 0.6895161296296296 0.45563909722222223 0.6747311828703704 0.4511278194444444 0.6720430115740741 0.445864662037037 0.682795699074074 0.4451127824074074 0.6962365601851852 0.4511278194444444 0.7096774189814815 0.4563909768518518 0.7110215046296297 0.45939849537037036 0.6895161296296296
0 0.43157894675925923 0.7647849467592592 0.4353383449074074 0.7647849467592592 0.439849625 0.7526881712962963 0.4368421041666667 0.727150537037037 0.42030075231481484 0.7083333333333334 0.4180451134259259 0.7190860208333333 0.42406015046296297 0.727150537037037 0.42406015046296297 0.7459677430555556 0.43157894675925923 0.7647849467592592
0 0.4180451134259259 0.7258064513888889 0.4112781944444444 0.7365591388888889 0.4105263148148148 0.7486559143518519 0.42406015046296297 0.75 0.42255639120370375 0.7284946226851852 0.4180451134259259 0.7258064513888889
0 0.3804511273148148 0.7217741944444444 0.37669172916666666 0.7311827962962963 0.37293233101851847 0.7580645162037037 0.39172932407407407 0.7513440856481481 0.3849624050925926 0.7217741944444444 0.3804511273148148 0.7217741944444444
0 0.37744360879629635 0.7258064513888889 0.37293233101851847 0.6975806458333333 0.3669172939814815 0.6935483865740741 0.3578947361111111 0.7163978495370371 0.3593984953703704 0.7446236550925925 0.363909775462963 0.7513440856481481 0.37293233101851847 0.75 0.37744360879629635 0.7258064513888889
0 0.3796992476851852 0.7123655902777778 0.38421052546296297 0.6760752685185186 0.3796992476851852 0.6559139791666667 0.3812030069444444 0.6411290324074074 0.375939849537037 0.6397849467592592 0.36766917361111107 0.6559139791666667 0.36766917361111107 0.6908602152777777 0.37293233101851847 0.6962365601851852 0.3751879699074074 0.7096774189814815 0.3796992476851852 0.7123655902777778
0 0.41654135416666666 0.6841397847222223 0.40526315740740737 0.6451612893518518 0.3992481203703704 0.6491935486111111 0.3954887222222222 0.6814516134259259 0.39774436111111117 0.7029569884259259 0.393984962962963 0.715053763888889 0.4135338356481481 0.7069892476851852 0.41654135416666666 0.6841397847222223
0 0.30977443518518516 0.7231182800925926 0.30977443518518516 0.7096774189814815 0.30300751851851854 0.7069892476851852 0.2947368425925926 0.727150537037037 0.2947368425925926 0.7446236550925925 0.3 0.7526881712962963 0.30451127777777776 0.7284946226851852 0.30977443518518516 0.7231182800925926
0 0.3654135347222222 0.8494623657407407 0.36466165509259263 0.8642473125000001 0.3751879699074074 0.8655913981481481 0.3744360902777778 0.8467741944444444 0.3654135347222222 0.8494623657407407
0 0.7390977453703704 0.9758064513888889 0.7330827060185185 0.9758064513888889 0.7105263148148148 0.9919354837962963 0.7067669166666667 0.9986559143518519 0.7421052638888889 0.9986559143518519 0.7436090231481481 0.9865591388888889 0.7390977453703704 0.9758064513888889
0 0.8774436087962962 0.9811827962962963 0.8766917291666666 0.9986559143518519 0.8947368425925926 0.9986559143518519 0.8902255648148149 0.9731182800925926 0.8774436087962962 0.9811827962962963
0 0.28120300694444444 0.8575268819444445 0.27368421064814813 0.8548387106481482 0.2699248125 0.8615591388888889 0.2684210532407407 0.8763440856481481 0.27067669212962964 0.8803763449074075 0.284210525462963 0.8790322569444444 0.28120300694444444 0.8575268819444445
0 0.22706766898148148 0.8682795694444444 0.22631578935185187 0.8736559143518519 0.23909774537037037 0.8790322569444444 0.23684210416666665 0.8669354837962963 0.22706766898148148 0.8682795694444444