0 0.049624060185185184 0.75 0.052631578703703705 0.7137096782407407 0.039849625 0.6881720439814815 0.033082706018518516 0.6908602152777777 0.033082706018518516 0.6989247314814814 0.023308270833333332 0.7244623657407407 0.022556391203703702 0.7311827962962963 0.0300751875 0.7365591388888889 0.03233082638888889 0.7446236550925925 0.049624060185185184 0.75
0 0.0699248125 0.7594086018518519 0.07293233101851852 0.7715053773148148 0.07744360879629629 0.7755376342592593 0.08646616435185185 0.7338709675925926 0.09473684259259259 0.7365591388888889 0.08721804398148149 0.7231182800925926 0.07894736805555556 0.7177419351851853 0.07142857175925926 0.6895161296296296 0.06240601388888889 0.6881720439814815 0.05413533796296296 0.7231182800925926 0.060150375 0.7392473125000001 0.06165413425925926 0.7540322569444444 0.0699248125 0.7594086018518519
0 0.1278195486111111 0.8037634398148148 0.14060150462962961 0.8104838703703704 0.14436090277777777 0.7862903217592593 0.14135338425925925 0.7419354837962963 0.13157894675925924 0.7096774189814815 0.12706766898148147 0.7083333333333334 0.12255639120370371 0.7177419351851853 0.12481203009259259 0.7486559143518519 0.11804511342592593 0.772849462962963 0.12406015046296297 0.7782258055555556 0.1278195486111111 0.8037634398148148
0 0.17669172916666667 0.6962365601851852 0.17368421064814812 0.6989247314814814 0.20150375925925926 0.7459677430555556 0.20075187962962962 0.7634408611111111 0.20601503703703705 0.7647849467592592 0.21578947453703703 0.727150537037037 0.21278195601851854 0.7204301064814814 0.20451127777777778 0.7163978495370371 0.1969924814814815 0.6774193541666667 0.19172932407407406 0.6666666666666666 0.19172932407407406 0.6505376342592593 0.18345864583333335 0.6532258055555556 0.18195488657407408 0.6720430115740741 0.17368421064814812 0.6854838703703704 0.17669172916666667 0.6881720439814815 0.17669172916666667 0.6962365601851852
0 0.1902255648148148 0.8145161296296296 0.19849624074074074 0.7862903217592593 0.19624060185185185 0.7325268819444445 0.18947368518518518 0.7137096782407407 0.17819548842592592 0.7002688171296296 0.1751879699074074 0.705645162037037 0.1751879699074074 0.7956989236111112 0.18571428472222223 0.8145161296296296 0.1902255648148148 0.8145161296296296
0 0.260150375 0.7446236550925925 0.27368421064814813 0.727150537037037 0.27368421064814813 0.7016129027777778 0.2631578958333333 0.6814516134259259 0.25263157870370373 0.6962365601851852 0.25112781944444446 0.7029569884259259 0.25639097685185186 0.7190860208333333 0.2533834583333333 0.7419354837962963 0.260150375 0.7446236550925925
0 0.29849624074074077 0.7096774189814815 0.3 0.7284946226851852 0.3075187962962963 0.7217741944444444 0.30451127777777776 0.7083333333333334 0.29849624074074077 0.7096774189814815
0 0.35338345833333334 0.6908602152777777 0.3503759398148148 0.647849462962963 0.34135338425925926 0.6290322569444444 0.336090224537037 0.6263440856481481 0.3278195486111111 0.6626344097222222 0.32706766898148143 0.6720430115740741 0.3383458657407407 0.7123655902777778 0.34736842129629625 0.7177419351851853 0.35338345833333334 0.6908602152777777
0 0.3669172939814815 0.7029569884259259 0.3631578958333333 0.6720430115740741 0.36466165509259263 0.6532258055555556 0.3609022546296296 0.6357526874999999 0.3556390972222222 0.6330645162037037 0.35112781944444443 0.6505376342592593 0.3496240601851852 0.6612903217592593 0.35488721759259256 0.7137096782407407 0.363909775462963 0.7284946226851852 0.3669172939814815 0.7029569884259259
0 0.3691729328703704 0.727150537037037 0.38345864583333333 0.7298387106481482 0.3887218055555555 0.659946236111111 0.37669172916666666 0.6317204305555556 0.37142857175925925 0.6344086018518519 0.36466165509259263 0.6559139791666667 0.363909775462963 0.6787634398148148 0.36766917361111107 0.6935483865740741 0.3654135347222222 0.7204301064814814 0.3691729328703704 0.727150537037037
0 0.4105263148148148 0.705645162037037 0.41654135416666666 0.669354837962963 0.415789474537037 0.6559139791666667 0.4045112777777778 0.6236559143518519 0.3924812037037037 0.6465053773148148 0.39022556481481485 0.6706989236111112 0.39624060185185184 0.7231182800925926 0.4007518796296296 0.7244623657407407 0.4105263148148148 0.705645162037037
0 0.4255639097222222 0.7083333333333334 0.43157894675925923 0.6854838703703704 0.4323308263888889 0.6451612893518518 0.4255639097222222 0.6263440856481481 0.4180451134259259 0.6276881712962963 0.415789474537037 0.6451612893518518 0.4180451134259259 0.6935483865740741 0.4210526319444444 0.7069892476851852 0.4255639097222222 0.7083333333333334
0 0.4586466157407407 0.6881720439814815 0.45263157870370374 0.6720430115740741 0.4473684212962963 0.6747311828703704 0.4428571435185185 0.6895161296296296 0.4533834583333333 0.715053763888889 0.4571428564814815 0.7096774189814815 0.4586466157407407 0.6881720439814815
0 0.4819548865740741 0.7137096782407407 0.49022556481481483 0.6975806458333333 0.4864661643518518 0.637096773148148 0.47669172916666663 0.6182795694444444 0.47293233101851856 0.6182795694444444 0.46691729398148146 0.6397849467592592 0.4661654143518518 0.6532258055555556 0.47142857175925923 0.6706989236111112 0.47293233101851856 0.692204300925926 0.4819548865740741 0.7137096782407407
0 0.5105263148148148 0.6424731180555555 0.5015037592592593 0.6290322569444444 0.4947368425925926 0.6438172037037037 0.49624060185185187 0.6881720439814815 0.5082706759259259 0.6908602152777777 0.5120300740740741 0.6680107523148148 0.5105263148148148 0.6424731180555555
0 0.5210526319444445 0.705645162037037 0.5255639097222222 0.7083333333333334 0.5323308263888888 0.6962365601851852 0.536090224537037 0.6774193541666667 0.5308270671296297 0.6411290324074074 0.5263157893518519 0.6290322569444444 0.518045113425926 0.6397849467592592 0.5150375949074074 0.6465053773148148 0.5150375949074074 0.6720430115740741 0.5172932337962963 0.6733870972222222 0.5210526319444445 0.705645162037037
0 0.5526315787037037 0.6881720439814815 0.5571428564814814 0.6545698935185186 0.5533834583333334 0.6263440856481481 0.5466165416666667 0.6115591388888889 0.5428571435185185 0.6155913981481481 0.5406015046296296 0.6720430115740741 0.5368421041666667 0.692204300925926 0.5458646620370371 0.6989247314814814 0.5526315787037037 0.6881720439814815
0 0.5736842106481481 0.7083333333333334 0.575939849537037 0.659946236111111 0.5706766921296297 0.6465053773148148 0.5669172939814815 0.6451612893518518 0.5586466157407407 0.6612903217592593 0.5578947361111111 0.7069892476851852 0.5631578958333333 0.7204301064814814 0.5706766921296297 0.7190860208333333 0.5736842106481481 0.7083333333333334
0 0.5924812037037037 0.7567204305555556 0.5984962407407408 0.7473118287037037 0.6030075185185185 0.6868279560185185 0.5917293240740741 0.6465053773148148 0.5857142847222222 0.647849462962963 0.5879699259259259 0.6612903217592593 0.5834586458333333 0.6868279560185185 0.5834586458333333 0.7137096782407407 0.5924812037037037 0.7567204305555556
0 0.6308270671296297 0.6774193541666667 0.6345864652777777 0.6505376342592593 0.6323308263888889 0.625 0.6225563912037038 0.612903226851852 0.6142857152777778 0.6276881712962963 0.6135338356481482 0.6411290324074074 0.6180451134259259 0.6639784953703703 0.6233082708333334 0.6787634398148148 0.6308270671296297 0.6774193541666667
0 0.6451127824074073 0.6263440856481481 0.639849625 0.6061827962962963 0.6345864652777777 0.6075268819444445 0.6330827060185186 0.612903226851852 0.6330827060185186 0.6733870972222222 0.6436090231481482 0.6801075277777777 0.6473684212962963 0.6706989236111112 0.6451127824074073 0.6263440856481481
0 0.6827067662037037 0.6357526874999999 0.6766917291666666 0.6196236550925925 0.6684210532407407 0.6263440856481481 0.6616541342592592 0.6532258055555556 0.6609022546296296 0.6801075277777777 0.6751879699074074 0.6814516134259259 0.6827067662037037 0.6451612893518518 0.6827067662037037 0.6357526874999999
0 0.6954887222222221 0.647849462962963 0.6917293240740741 0.6572580648148147 0.6917293240740741 0.6760752685185186 0.7052631574074074 0.6733870972222222 0.7015037592592592 0.6491935486111111 0.6954887222222221 0.647849462962963
0 0.7473684212962963 0.669354837962963 0.7428571435185185 0.6465053773148148 0.7375939861111112 0.647849462962963 0.7330827060185185 0.6612903217592593 0.7338345856481482 0.6881720439814815 0.7368421041666666 0.6895161296296296 0.7473684212962963 0.669354837962963
0 0.7616541342592592 0.6572580648148147 0.7624060138888888 0.6747311828703704 0.775939849537037 0.6733870972222222 0.7729323310185185 0.6532258055555556 0.7616541342592592 0.6572580648148147
0 0.8015037592592592 0.6733870972222222 0.8052631574074075 0.659946236111111 0.8037593981481481 0.6223118287037037 0.7932330833333333 0.6075268819444445 0.7894736851851852 0.6102150532407408 0.7872180439814814 0.6303763449074075 0.7924812037037037 0.6666666666666666 0.7962406018518519 0.6747311828703704 0.8015037592592592 0.6733870972222222
0 0.7902255648148149 0.6720430115740741 0.7887218055555556 0.6397849467592592 0.7834586458333334 0.6236559143518519 0.7781954884259259 0.6223118287037037 0.7744360902777778 0.6290322569444444 0.7751879699074075 0.6680107523148148 0.7781954884259259 0.6854838703703704 0.7834586458333334 0.6868279560185185 0.7902255648148149 0.6720430115740741
0 0.8278195486111111 0.6881720439814815 0.8308270671296296 0.6680107523148148 0.8233082708333334 0.6465053773148148 0.8172932337962963 0.647849462962963 0.8150375949074075 0.6720430115740741 0.8195488726851852 0.6747311828703704 0.824060150462963 0.6881720439814815 0.8278195486111111 0.6881720439814815
0 0.8563909768518518 0.6491935486111111 0.8526315787037037 0.6465053773148148 0.8481203009259259 0.659946236111111 0.8496240601851852 0.692204300925926 0.8609022546296297 0.6948924722222223 0.8631578958333334 0.6774193541666667 0.8563909768518518 0.6491935486111111
0 0.8812030069444445 0.625 0.8729323310185185 0.6115591388888889 0.8646616550925926 0.625 0.8684210532407407 0.669354837962963 0.8819548865740741 0.6680107523148148 0.884210525462963 0.6491935486111111 0.8812030069444445 0.625
0 0.9541353379629629 0.692204300925926 0.9488721805555556 0.6330645162037037 0.9428571435185185 0.6330645162037037 0.9368421041666666 0.6532258055555556 0.936090224537037 0.7029569884259259 0.9406015046296297 0.7190860208333333 0.9458646620370371 0.7217741944444444 0.9541353379629629 0.692204300925926
0 0.9751879699074074 0.6935483865740741 0.9751879699074074 0.6545698935185186 0.9714285717592593 0.647849462962963 0.9714285717592593 0.6330645162037037 0.963909775462963 0.6344086018518519 0.9578947361111111 0.6639784953703703 0.9578947361111111 0.6975806458333333 0.9631578958333333 0.7190860208333333 0.9699248125 0.7231182800925926 0.9751879699074074 0.6935483865740741
0 0.9962406018518519 0.6491935486111111 0.9872180439814815 0.6209677430555556 0.9781954884259259 0.6330645162037037 0.9774436087962962 0.6989247314814814 0.9804511273148149 0.7231182800925926 0.9947368425925925 0.692204300925926 0.9962406018518519 0.6491935486111111
0 0.984210525462963 0.8830645162037037 0.975939849537037 0.8239247314814814 0.9827067662037037 0.8104838703703704 0.9857142847222222 0.7836021504629629 0.9669172939814815 0.7526881712962963 0.9609022546296296 0.7567204305555556 0.9571428564814815 0.7701612893518518 0.9488721805555556 0.7634408611111111 0.9496240601851852 0.7782258055555556 0.9586466157407407 0.7997311828703704 0.9624060138888888 0.8763440856481481 0.984210525462963 0.8830645162037037
0 0.6022556388888889 0.7997311828703704 0.5902255648148148 0.772849462962963 0.5894736851851852 0.7594086018518519 0.5804511273148149 0.7567204305555556 0.5766917291666667 0.7607526874999999 0.5751879699074074 0.7836021504629629 0.5676691736111111 0.8064516134259259 0.5706766921296297 0.8508064513888889 0.5744360902777778 0.8508064513888889 0.5962406018518519 0.8346774189814815 0.6022556388888889 0.7997311828703704
0 0.5849624050925926 0.9381720439814815 0.5947368425925925 0.8481182800925926 0.5766917291666667 0.8548387106481482 0.5706766921296297 0.8723118287037037 0.5706766921296297 0.9153225810185185 0.5654135347222222 0.9341397847222223 0.5729323310185185 0.9395161296296296 0.5849624050925926 0.9381720439814815
0 0.663909775462963 0.8481182800925926 0.6624060138888889 0.8333333333333334 0.6 0.8212365601851852 0.6 0.8293010763888888 0.6263157893518518 0.8481182800925926 0.6466165416666667 0.852150537037037 0.663909775462963 0.8481182800925926
0 0.2466165416666667 0.8803763449074075 0.23759398611111113 0.840053763888889 0.23082706712962964 0.840053763888889 0.22781954861111112 0.8454301064814814 0.2255639097222222 0.8615591388888889 0.2195488726851852 0.8736559143518519 0.21879699305555556 0.8844086018518519 0.22330827083333332 0.887096773148148 0.23984962499999998 0.8857526874999999 0.2466165416666667 0.8803763449074075
0 0.28120300694444444 0.8561827962962963 0.2751879699074074 0.8561827962962963 0.27067669212962964 0.8682795694444444 0.27218045138888886 0.8790322569444444 0.2872180439814815 0.8763440856481481 0.2849624050925926 0.8602150532407408 0.28120300694444444 0.8561827962962963
0 0.37669172916666666 0.7352150532407408 0.37669172916666666 0.7540322569444444 0.3887218055555555 0.7513440856481481 0.3857142847222222 0.7325268819444445 0.37669172916666666 0.7352150532407408
0 0.34812030092592594 0.7338709675925926 0.3383458657407407 0.7513440856481481 0.3406015046296296 0.7567204305555556 0.3556390972222222 0.7553763449074075 0.34812030092592594 0.7338709675925926
0 0.7285714282407407 0.7083333333333334 0.7270676689814815 0.6962365601851852 0.7172932337962963 0.692204300925926 0.7090225555555556 0.7190860208333333 0.7075187962962963 0.7338709675925926 0.7127819560185186 0.7365591388888889 0.7180451134259259 0.7190860208333333 0.7285714282407407 0.7083333333333334
0 0.6872180439814815 0.737903226851852 0.693984962962963 0.715053763888889 0.7022556388888889 0.7096774189814815 0.6962406018518519 0.705645162037037 0.6909774444444444 0.7110215046296297 0.6887218055555556 0.705645162037037 0.6781954884259259 0.7137096782407407 0.6766917291666666 0.7217741944444444 0.6819548865740741 0.7231182800925926 0.684210525462963 0.737903226851852 0.6872180439814815 0.737903226851852