0 0.4484375 0.6527777777777778 0.6484375 0.65 0.6625 0.6361111111111112 0.675 0.5527777777777778 0.66875 0.5388888888888889 0.6546875 0.5361111111111111 0.4875 0.5361111111111111 0.3578125 0.5194444444444445 0.34375 0.5194444444444445 0.3203125 0.5277777777777778 0.3203125 0.6388888888888888 0.325 0.6444444444444444 0.4484375 0.6527777777777778
0 0.7546875 0.6361111111111112 0.7609375 0.6111111111111112 0.7875 0.6083333333333334 0.79375 0.5916666666666667 0.796875 0.5611111111111111 0.7484375 0.5555555555555556 0.7401046875 0.5555555555555556 0.7234375 0.5555555555555556 0.7203125 0.5666666666666667 0.7203125 0.6361111111111112 0.7546875 0.6361111111111112
0 0.8734375 0.5472222222222223 0.8390625 0.5416666666666666 0.8375 0.5416666666666666 0.8109375 0.5472222222222223 0.8015625 0.6111111111111112 0.859375 0.6138888888888888 0.8734375 0.5472222222222223
0 0.7046875 0.625 0.7046875 0.5555555555555556 0.696875 0.5388888888888889 0.684375 0.5388888888888889 0.66875 0.6305555555555555 0.671875 0.6388888888888888 0.6984375 0.6388888888888888 0.7046875 0.625
0 0.2328125 0.5833333333333334 0.24375 0.5833333333333334 0.2578125 0.5555555555555556 0.27187500000000003 0.5583333333333333 0.2864578125 0.6225555555555556 0.2834828125 0.5775694444444445 0.28281249999999997 0.5694444444444444 0.278125 0.5222222222222223 0.265625 0.5166666666666666 0.2578125 0.5166666666666666 0.234375 0.5166666666666666 0.2296875 0.525 0.228125 0.5611111111111111 0.2328125 0.5833333333333334
0 0.175 0.5416666666666666 0.175 0.5138888888888888 0.1671875 0.5083333333333333 0.1578125 0.5083333333333333 0.1390625 0.5083333333333333 0.1390625 0.5666666666666667 0.1484375 0.5527777777777778 0.175 0.5416666666666666
0 0.078125 0.5611111111111111 0.07187500000000001 0.5555555555555556 0.0625 0.5555555555555556 0.0515625 0.5583333333333333 0.053125 0.6055555555555556 0.08125 0.5972222222222222 0.078125 0.5611111111111111
0 0.0671875 0.5138888888888888 0.053125 0.5027777777777778 0.0515625 0.5027777777777778 0.021875 0.5138888888888888 0.025 0.5361111111111111 0.0609375 0.5388888888888889 0.0671875 0.5138888888888888
0 0.3109375 0.5694444444444444 0.30625 0.5222222222222223 0.2921875 0.5222222222222223 0.29375 0.5777777777777777 0.3015625 0.6194444444444445 0.3046875 0.5750000000000001 0.3109375 0.5694444444444444
0 0.8875 0.5555555555555556 0.8828125 0.5555555555555556 0.871875 0.5888888888888889 0.8703125 0.6138888888888888 0.8875 0.6083333333333334 0.8875 0.5555555555555556
0 0 0.5083333333333333 0.003125 0.5416666666666666 0.015625 0.5361111111111111 0.0109375 0.5083333333333333 0 0.5083333333333333