0 0.3265625 0.6527777777777778 0.34375 0.6388888888888888 0.3515625 0.6472222222222223 0.4484375 0.6527777777777778 0.6484375 0.65 0.6640625 0.6416666666666666 0.6765625 0.5527777777777778 0.6578125 0.5499999999999999 0.65 0.5388888888888889 0.5140625 0.5361111111111111 0.4921875 0.5277777777777778 0.3296875 0.5166666666666666 0.328125 0.5166666666666666 0.3234375 0.5277777777777778 0.321875 0.5833333333333334 0.321875 0.6388888888888888 0.3265625 0.6527777777777778
0 0.7671875 0.6111111111111112 0.7953125 0.6055555555555556 0.803125 0.5444444444444444 0.7359375 0.5388888888888889 0.7296875 0.5388888888888889 0.721875 0.5888888888888889 0.725 0.6388888888888888 0.7578125 0.6361111111111112 0.7671875 0.6111111111111112
0 0.8703125 0.5472222222222223 0.81875 0.5444444444444444 0.8171875 0.5416666666666666 0.8015625 0.6111111111111112 0.8609375 0.6166666666666666 0.86875 0.5833333333333334 0.8703125 0.5472222222222223
0 0.7078125 0.5527777777777778 0.6890625 0.5388888888888889 0.6875 0.5388888888888889 0.6734375 0.6416666666666666 0.703125 0.6361111111111112 0.70625 0.625 0.7078125 0.5527777777777778
0 0.0671875 0.525 0.084375 0.5388888888888889 0.090625 0.5027777777777778 0.0578125 0.5027777777777778 0.0484375 0.5027777777777778 0.028125 0.5111111111111112 0.0296875 0.5333333333333333 0.06406250000000001 0.5361111111111111 0.0671875 0.525
0 0.1796875 0.5388888888888889 0.178125 0.5083333333333333 0.16953125 0.5083333333333333 0.14375000000000002 0.5083333333333333 0.140625 0.5805555555555556 0.153125 0.5527777777777778 0.1796875 0.5388888888888889
0 0.3140625 0.525 0.3015625 0.5166666666666666 0.29375 0.5166666666666666 0.3 0.6083333333333334 0.303125 0.6277777777777778 0.3078125 0.6277777777777778 0.3140625 0.525
0 0.084375 0.5527777777777778 0.078125 0.5499999999999999 0.075 0.5499999999999999 0.0546875 0.5555555555555556 0.05625 0.5972222222222222 0.0828125 0.5972222222222222 0.084375 0.5527777777777778
0 0.27187500000000003 0.5138888888888888 0.28281249999999997 0.625 0.28750000000000003 0.5972222222222222 0.27968750000000003 0.5138888888888888 0.27187500000000003 0.5138888888888888
0 0.0078125 0.5 0.003125 0.5 0.003125 0.5444444444444444 0.01875 0.5361111111111111 0.0140625 0.5027777777777778 0.0078125 0.5
0 0.8859375 0.5583333333333333 0.8734375 0.6138888888888888 0.890625 0.6111111111111112 0.8875 0.5583333333333333 0.8859375 0.5583333333333333