0 0.6296875 0.6444444444444444 0.6375 0.6222222222222222 0.6359375 0.5833333333333334 0.6046875 0.5666666666666667 0.5328125 0.5638888888888889 0.5015625 0.5416666666666666 0.4734375 0.5361111111111111 0.340625 0.5361111111111111 0.3171875 0.5472222222222223 0.325 0.6444444444444444 0.6171875 0.65 0.6296875 0.6444444444444444
0 0.685165625 0.5849694444444444 0.6528453125 0.5852027777777778 0.6458671875 0.6391777777777777 0.6789218749999999 0.6404833333333334 0.685165625 0.5849694444444444
0 0.7332796874999999 0.6398305555555555 0.73438125 0.6176250000000001 0.7663359375 0.6150111111111111 0.7740484375 0.5764777777777778 0.6987562500000001 0.575825 0.69545 0.58105 0.6958171875 0.6404833333333334 0.7332796874999999 0.6398305555555555
0 0.8434656249999999 0.5732111111111111 0.7823125 0.5749194444444444 0.77515 0.6150111111111111 0.832446875 0.6215444444444445 0.8434656249999999 0.5732111111111111
0 0.8639812499999999 0.5696611111111112 0.85805625 0.5688194444444444 0.8499359375 0.6180527777777778 0.8619328125000001 0.6164916666666668 0.8639812499999999 0.5696611111111112
0 0.9441546875 0.5779861111111111 0.9502984375 0.5696611111111112 0.9584921875 0.5748638888888888 0.9622953125 0.5587333333333334 0.9210390625 0.5590666666666666 0.91986875 0.5748638888888888 0.9309875 0.5670583333333333 0.9441546875 0.5779861111111111
0 0.93274375 0.5982777777777778 0.9388875 0.5894333333333334 0.9232328125 0.5891055555555555 0.9227937500000001 0.6242944444444445 0.93245 0.623775 0.93274375 0.5982777777777778
0 0.2858171875 0.5512055555555556 0.2713453125 0.54965 0.27589375 0.6181166666666668 0.2841625 0.6217944444444444 0.2858171875 0.5512055555555556
0 0.311453125 0.5482638888888889 0.2980140625 0.5485472222222222 0.298221875 0.6232638888888888 0.311453125 0.6232638888888888 0.311453125 0.5482638888888889
0 0.23247812499999998 0.602675 0.23123749999999998 0.6188527777777778 0.2622484375 0.6203222222222222 0.2593546875 0.5475305555555555 0.1659078125 0.5512055555555556 0.17045625 0.5791472222222223 0.224621875 0.5813527777777777 0.23247812499999998 0.602675
0 0.1601203125 0.5850277777777778 0.155984375 0.5526777777777778 0.08403906250000001 0.5518555555555555 0.08031875 0.5997361111111111 0.0943765625 0.6012055555555555 0.1601203125 0.5850277777777778