0 0.321875 0.6444444444444444 0.5109374999999999 0.6555555555555556 0.6453125 0.65 0.6546875 0.6361111111111112 0.6671875 0.5527777777777778 0.6625 0.5388888888888889 0.6515625 0.5361111111111111 0.4484375 0.5361111111111111 0.4109375 0.525 0.33125 0.5194444444444445 0.3203125 0.5194444444444445 0.315625 0.5277777777777778 0.3125 0.5861111111111111 0.315625 0.6388888888888888 0.321875 0.6444444444444444
0 0.746875 0.6388888888888888 0.75625 0.6138888888888888 0.784375 0.6083333333333334 0.7953125 0.5472222222222223 0.771875 0.5416666666666666 0.76328125 0.5416666666666666 0.71875 0.5444444444444444 0.7140625 0.5694444444444444 0.7140625 0.6416666666666666 0.746875 0.6388888888888888
0 0.8640625 0.5611111111111111 0.8625 0.5444444444444444 0.8109375 0.5444444444444444 0.8078125 0.5444444444444444 0.79375 0.6111111111111112 0.8265625 0.6222222222222222 0.8546875 0.6111111111111112 0.8640625 0.5611111111111111
0 0.6953125 0.6444444444444444 0.6984375 0.6361111111111112 0.7015625 0.6111111111111112 0.696875 0.5388888888888889 0.6875 0.5388888888888889 0.678125 0.5388888888888889 0.6734375 0.5499999999999999 0.6640625 0.6416666666666666 0.6953125 0.6444444444444444
0 0.25937499999999997 0.5555555555555556 0.2765625 0.5638888888888889 0.27187500000000003 0.5138888888888888 0.2375 0.5111111111111112 0.228125 0.5111111111111112 0.221875 0.5194444444444445 0.2265625 0.5805555555555556 0.2453125 0.5833333333333334 0.25937499999999997 0.5555555555555556
0 0.0234375 0.5333333333333333 0.0578125 0.5333333333333333 0.059375 0.5083333333333333 0.06406250000000001 0.5305555555555556 0.075 0.5305555555555556 0.084375 0.5138888888888888 0.084375 0.5027777777777778 0.0796875 0.5 0.0375 0.49722222222222223 0.034374999999999996 0.49722222222222223 0.025 0.5 0.0265625 0.5111111111111112 0.0203125 0.5277777777777778 0.0234375 0.5333333333333333
0 0.171875 0.525 0.1703125 0.5083333333333333 0.13749999999999998 0.5027777777777778 0.13593750000000002 0.5027777777777778 0.13125 0.5138888888888888 0.1390625 0.5444444444444444 0.1640625 0.5444444444444444 0.171875 0.525
0 0.0703125 0.6083333333333334 0.0703125 0.5722222222222222 0.06406250000000001 0.5499999999999999 0.0578125 0.5499999999999999 0.046875 0.5555555555555556 0.046875 0.6027777777777777 0.059375 0.5972222222222222 0.0703125 0.6083333333333334
0 0.3 0.5166666666666666 0.29531250000000003 0.5166666666666666 0.28750000000000003 0.525 0.29531250000000003 0.6277777777777778 0.3015625 0.5888888888888889 0.3 0.5166666666666666
0 0.878125 0.5694444444444444 0.8765625 0.5666666666666667 0.8609375 0.6166666666666666 0.884375 0.6166666666666666 0.8828125 0.5805555555555556 0.878125 0.5694444444444444
0 0.9453125 0.5805555555555556 0.94375 0.6277777777777778 0.9546875 0.6194444444444445 0.95625 0.5805555555555556 0.9453125 0.5805555555555556
0 0.003125 0.5027777777777778 0 0.5361111111111111 0.0109375 0.5305555555555556 0.0046875 0.5027777777777778 0.003125 0.5027777777777778