0 0.175 0.48333333333333334 0.178125 0.4416666666666667 0.1203125 0.4416666666666667 0.11875 0.4416666666666667 0.0875 0.4583333333333333 0.0953125 0.4888888888888889 0.109375 0.4944444444444444 0.175 0.48333333333333334
0 0.1234375 0.5555555555555556 0.1421875 0.5527777777777778 0.15 0.5305555555555556 0.1703125 0.5305555555555556 0.1734375 0.5611111111111111 0.1796875 0.5722222222222222 0.1765625 0.5833333333333334 0.1859375 0.5833333333333334 0.178125 0.5 0.13125 0.5 0.12812500000000002 0.5 0.1109375 0.5027777777777778 0.1109375 0.5305555555555556 0.125 0.5472222222222223 0.1234375 0.5555555555555556
0 0.3140625 0.5611111111111111 0.3140625 0.4888888888888889 0.3125 0.4888888888888889 0.29062499999999997 0.4944444444444444 0.2890625 0.5416666666666666 0.296875 0.5750000000000001 0.3140625 0.5611111111111111
0 0.278125 0.4916666666666667 0.27499999999999997 0.4916666666666667 0.2484375 0.5 0.2484375 0.5527777777777778 0.278125 0.5527777777777778 0.278125 0.4916666666666667
0 0.34375 0.4944444444444444 0.3453125 0.5750000000000001 0.5234375 0.5527777777777778 0.53125 0.5361111111111111 0.5453125 0.4666666666666667 0.6515625 0.4583333333333333 0.640625 0.45 0.6375 0.4583333333333333 0.5984375 0.4583333333333333 0.5609375 0.4472222222222222 0.2734375 0.4388888888888889 0.27187500000000003 0.4361111111111111 0.24375 0.4444444444444444 0.246875 0.48333333333333334 0.3390625 0.48333333333333334 0.34375 0.4944444444444444
0 0 0.4861111111111111 0.0265625 0.48055555555555557 0.0515625 0.4888888888888889 0.0546875 0.4611111111111111 0.053125 0.4583333333333333 0 0.4722222222222222 0 0.4861111111111111
0 0.0375 0.5694444444444444 0.0375 0.525 0.0421875 0.5138888888888888 0.0375 0.5111111111111112 0.028125 0.5111111111111112 0.0203125 0.5138888888888888 0.017187499999999998 0.5305555555555556 0.0296875 0.5694444444444444 0.0375 0.5694444444444444
0 0.00625 0.5138888888888888 0 0.5138888888888888 0.003125 0.5472222222222223 0.0109375 0.5416666666666666 0.0125 0.5277777777777778 0.00625 0.5138888888888888
0 0.5974703124999999 0.5167055555555555 0.6041671875 0.5153805555555555 0.6168156250000001 0.4823027777777778 0.585565625 0.4823027777777778 0.5729171875 0.5325833333333333 0.5922625 0.5325833333333333 0.5974703124999999 0.5167055555555555
0 0.6584828125000001 0.47965833333333335 0.6272328125000001 0.4756888888888889 0.6130953124999999 0.5127361111111112 0.649553125 0.5180277777777778 0.6584828125000001 0.47965833333333335
0 0.680803125 0.5061194444444445 0.6837796875000001 0.4862722222222222 0.694196875 0.48362499999999997 0.6979171875 0.4756888888888889 0.6702015625000001 0.4751972222222222 0.662203125 0.5180277777777778 0.6696421874999999 0.5127361111111112 0.680803125 0.5061194444444445