0 0.5015625 0.5583333333333333 0.5171875 0.5499999999999999 0.53125 0.5555555555555556 0.540625 0.5 0.540625 0.4888888888888889 0.521875 0.49722222222222223 0.4046875 0.48333333333333334 0.39609375 0.48333333333333334 0.3484375 0.4916666666666667 0.3453125 0.5361111111111111 0.35 0.5777777777777777 0.5015625 0.5583333333333333
0 0.25156249999999997 0.5555555555555556 0.284375 0.5527777777777778 0.28750000000000003 0.5027777777777778 0.28125 0.4944444444444444 0.278125 0.4944444444444444 0.2046875 0.5 0.20625 0.5833333333333334 0.2453125 0.5833333333333334 0.25156249999999997 0.5555555555555556
0 0.0203125 0.4861111111111111 0.0625 0.4861111111111111 0.0671875 0.4944444444444444 0.146875 0.48333333333333334 0.11875 0.4722222222222222 0.090625 0.475 0.0828125 0.4666666666666667 0.0875 0.4416666666666667 0.0546875 0.4388888888888889 0.04609375 0.4388888888888889 0.0015625 0.4416666666666667 0 0.4944444444444444 0.0078125 0.49722222222222223 0.0203125 0.4861111111111111
0 0.3140625 0.5722222222222222 0.3171875 0.4944444444444444 0.3078125 0.4944444444444444 0.29531250000000003 0.5 0.29375 0.5638888888888889 0.2984375 0.5750000000000001 0.3140625 0.5722222222222222
0 0 0.5972222222222222 0.01875 0.6083333333333334 0.01875 0.5555555555555556 0.009375 0.5111111111111112 0.00625 0.5111111111111112 0 0.5138888888888888 0 0.5972222222222222
0 0.5984375 0.525 0.609375 0.5138888888888888 0.6109375 0.5 0.60625 0.4888888888888889 0.5921875 0.48333333333333334 0.5906250000000001 0.48333333333333334 0.5812499999999999 0.4916666666666667 0.5812499999999999 0.5333333333333333 0.5984375 0.5416666666666666 0.5984375 0.525
0 0.1015625 0.5388888888888889 0.10625 0.5166666666666666 0.0984375 0.5027777777777778 0.0984375 0.5 0.0703125 0.5083333333333333 0.0703125 0.5277777777777778 0.0796875 0.5444444444444444 0.1015625 0.5388888888888889
0 0.118303125 0.5656611111111111 0.121875 0.5611111111111111 0.096875 0.5694444444444444 0.0984375 0.5972222222222222 0.1203125 0.5944444444444444 0.118303125 0.5656611111111111
0 0.0375 0.5527777777777778 0.0453125 0.5027777777777778 0.0421875 0.5027777777777778 0.028125 0.5138888888888888 0.0296875 0.5388888888888889 0.025 0.5555555555555556 0.0375 0.5527777777777778
0 0.5453125 0.5138888888888888 0.546875 0.5388888888888889 0.5609375 0.5361111111111111 0.5671875000000001 0.4888888888888889 0.5625 0.4888888888888889 0.5593750000000001 0.5027777777777778 0.553125 0.5027777777777778 0.553125 0.5138888888888888 0.5453125 0.5138888888888888
0 0.1390625 0.5750000000000001 0.1328125 0.5750000000000001 0.12968749999999998 0.5916666666666667 0.1421875 0.5916666666666667 0.14375000000000002 0.5777777777777777 0.1390625 0.5750000000000001
0 0.12968749999999998 0.5499999999999999 0.125 0.5590444444444445 0.1421875 0.5583333333333333 0.1515625 0.5305555555555556 0.1734375 0.5333333333333333 0.178125 0.5944444444444444 0.1984375 0.5944444444444444 0.2 0.5416666666666666 0.19375 0.5 0.1875 0.5 0.121875 0.5055555555555555 0.115625 0.5138888888888888 0.115625 0.5361111111111111 0.12968749999999998 0.5499999999999999