0 0.1234375 0.5416666666666666 0.1265625 0.5583333333333333 0.1421875 0.5555555555555556 0.1484375 0.5333333333333333 0.16875 0.5361111111111111 0.1734375 0.5499999999999999 0.1734375 0.5861111111111111 0.1796875 0.5972222222222222 0.184375 0.5861111111111111 0.184375 0.5555555555555556 0.175 0.49722222222222223 0.1734375 0.49722222222222223 0.1109375 0.5055555555555555 0.1109375 0.5138888888888888 0.115625 0.5388888888888889 0.1234375 0.5416666666666666
0 0.27968750000000003 0.4944444444444444 0.2765625 0.4944444444444444 0.24375 0.5 0.2484375 0.5555555555555556 0.28281249999999997 0.5527777777777778 0.27968750000000003 0.4944444444444444
0 0.3140625 0.5777777777777777 0.3171875 0.4944444444444444 0.3015625 0.4944444444444444 0.3 0.4916666666666667 0.2921875 0.49722222222222223 0.2921875 0.5694444444444444 0.296875 0.5777777777777777 0.3140625 0.5777777777777777
0 0.0265625 0.5583333333333333 0.0421875 0.5611111111111111 0.046875 0.5833333333333334 0.0515625 0.5833333333333334 0.059375 0.5805555555555556 0.0515625 0.5638888888888889 0.0546875 0.5083333333333333 0.046875 0.5 0.0453125 0.5 0.0390625 0.5083333333333333 0.025 0.5027777777777778 0.0203125 0.5361111111111111 0.0265625 0.5583333333333333
0 0.215625 0.5 0.20625 0.5 0.20625 0.5833333333333334 0.2234375 0.5944444444444444 0.2234375 0.5499999999999999 0.215625 0.5
0 0.6015625 0.5194444444444445 0.609375 0.5166666666666666 0.615625 0.4861111111111111 0.60625 0.48333333333333334 0.6046875 0.48333333333333334 0.5796875 0.4861111111111111 0.578125 0.5458138888888888 0.5974703124999999 0.5391972222222222 0.6015625 0.5194444444444445
0 0 0.5944444444444444 0.0046875 0.5972222222222222 0.00625 0.5638888888888889 0.0140625 0.5583333333333333 0.009375 0.5111111111111112 0.0078125 0.5111111111111112 0 0.5138888888888888 0 0.5944444444444444
0 0.0984375 0.5111111111111112 0.09375 0.5055555555555555 0.0921875 0.5055555555555555 0.0859375 0.5166666666666666 0.0921875 0.5388888888888889 0.0984375 0.5388888888888889 0.0984375 0.5111111111111112
0 0.1 0.5694444444444444 0.0984375 0.5666666666666667 0.0953125 0.5972222222222222 0.10625 0.5944444444444444 0.1046875 0.5722222222222222 0.1 0.5694444444444444
0 0.1390625 0.5777777777777777 0.13593750000000002 0.5722222222222222 0.12968749999999998 0.5750000000000001 0.1265625 0.5888888888888889 0.13749999999999998 0.5916666666666667 0.1390625 0.5777777777777777
0 0.3453125 0.5194444444444445 0.353125 0.525 0.34375 0.5361111111111111 0.3453125 0.5777777777777777 0.3515625 0.5833333333333334 0.3625 0.5750000000000001 0.4140625 0.5694444444444444 0.3984375 0.5694444444444444 0.4046875 0.5611111111111111 0.3703125 0.5416666666666666 0.3671875 0.5305555555555556 0.371875 0.5166666666666666 0.3796875 0.5166666666666666 0.39375 0.5416666666666666 0.409375 0.5305555555555556 0.4234375 0.5527777777777778 0.421875 0.5583333333333333 0.4296875 0.5611111111111111 0.5296875 0.5583333333333333 0.5437500000000001 0.48333333333333334 0.5437500000000001 0.4722222222222222 0.5203125000000001 0.4666666666666667 0.5078125 0.4694444444444445 0.5031249999999999 0.4861111111111111 0.484375 0.4861111111111111 0.35625 0.4638888888888889 0.3453125 0.4638888888888889 0.3203125 0.475 0.3375 0.4861111111111111 0.34375 0.49722222222222223 0.3453125 0.5194444444444445
0 0.6607140625 0.49685833333333335 0.65625 0.4823027777777778 0.627790625 0.48015833333333335 0.6197921875 0.5127361111111112 0.6525296875000001 0.5246444444444445 0.6607140625 0.49685833333333335
0 0.1197921875 0.4823027777777778 0.1235125 0.4915638888888889 0.1755953125 0.48891944444444446 0.1791296875 0.47817499999999996 0.16220312499999998 0.47039444444444445 0.13839218749999999 0.4862722222222222 0.1287203125 0.4770111111111111 0.1197921875 0.4823027777777778
0 0.2552078125 0.4823027777777778 0.3147328125 0.4823027777777778 0.32886875000000004 0.4783333333333333 0.3337046875 0.46726111111111107 0.30877968749999996 0.46510277777777775 0.27678593749999997 0.47171944444444447 0.255953125 0.4756888888888889 0.2552078125 0.4823027777777778