0 0 0.4944444444444444 0.009375 0.48333333333333334 0.03125 0.4777777777777778 0.0609375 0.4916666666666667 0.171875 0.48333333333333334 0.1734375 0.4666666666666667 0.1625 0.4611111111111111 0.1546875 0.4611111111111111 0.015625 0.4694444444444445 0 0.475 0 0.4944444444444444
0 0.1390625 0.5499999999999999 0.1484375 0.5277777777777778 0.16875 0.5277777777777778 0.175 0.5361111111111111 0.175 0.5666666666666667 0.1828125 0.5833333333333334 0.175 0.5 0.1671875 0.5 0.115625 0.5083333333333333 0.1140625 0.5277777777777778 0.12968749999999998 0.5499999999999999 0.1390625 0.5499999999999999
0 0.27968750000000003 0.5333333333333333 0.278125 0.49722222222222223 0.26406250000000003 0.49722222222222223 0.246875 0.5 0.246875 0.5527777777777778 0.27499999999999997 0.5499999999999999 0.27968750000000003 0.5333333333333333
0 0.25 0.4527777777777778 0.2453125 0.48333333333333334 0.28281249999999997 0.475 0.296875 0.48333333333333334 0.3359375 0.48333333333333334 0.34375 0.49722222222222223 0.34375 0.5750000000000001 0.359375 0.5750000000000001 0.521875 0.5583333333333333 0.53125 0.5388888888888889 0.5421874999999999 0.4777777777777778 0.5187499999999999 0.4638888888888889 0.459375 0.45 0.390625 0.4472222222222222 0.38177031250000004 0.4472222222222222 0.3375 0.4472222222222222 0.334375 0.4583333333333333 0.328125 0.45 0.25 0.4527777777777778
0 0 0.6 0.0078125 0.6 0.009375 0.5777777777777777 0.0046875 0.5611111111111111 0.0109375 0.5416666666666666 0.00625 0.5111111111111112 0 0.5111111111111112 0 0.6
0 0.085565625 0.5246444444444445 0.09077343750000001 0.5259666666666667 0.09151718749999999 0.5391972222222222 0.09821406249999999 0.5405222222222222 0.0989578125 0.5061194444444445 0.06305781249999999 0.5059527777777778 0.0610125 0.5418444444444445 0.084078125 0.5339055555555555 0.085565625 0.5246444444444445
0 0.0662203125 0.6000611111111112 0.085565625 0.5974166666666667 0.084821875 0.5709527777777778 0.06529062499999999 0.5694444444444444 0.0662203125 0.5868305555555555 0.06994062499999999 0.5908 0.0662203125 0.6000611111111112
0 0.101934375 0.5696305555555555 0.09375 0.5694444444444444 0.09151718749999999 0.5908 0.101190625 0.5881527777777777 0.101934375 0.5696305555555555
0 0.1436015625 0.5683055555555556 0.12779062500000002 0.5773805555555556 0.12574375000000002 0.5855083333333334 0.13988124999999998 0.5841833333333333 0.1436015625 0.5683055555555556
0 0.166090625 0.5718361111111111 0.15181406249999999 0.5752166666666666 0.15082500000000001 0.5849083333333334 0.165525 0.5839027777777778 0.166090625 0.5718361111111111
0 0.5988187500000001 0.5196972222222223 0.6071453124999999 0.5167361111111111 0.6132515624999999 0.49106944444444445 0.5755046875 0.48909444444444444 0.5677328125 0.5335166666666666 0.594378125 0.5354916666666667 0.5988187500000001 0.5196972222222223
0 0.6554390625000001 0.4881083333333333 0.624353125 0.4881083333333333 0.621578125 0.5137722222222222 0.6498890625 0.5187083333333333 0.6554390625000001 0.4881083333333333
0 0.5499703125000001 0.5177222222222222 0.54441875 0.5088388888888888 0.5394218749999999 0.5443749999999999 0.5527453125 0.5443749999999999 0.5538546875 0.5295666666666666 0.5499703125000001 0.5177222222222222