0 0.3859375 0.938888888888889 0.475 0.9027777777777778 0.4578125 0.8833333333333334 0.29531250000000003 0.7916666666666666 0.29062499999999997 0.7916666666666666 0.26406250000000003 0.8444444444444444 0.2546875 0.85 0.253125 0.8666666666666666 0.3859375 0.938888888888889
0 0.2109375 0.9444444444444444 0.2140625 0.9472222222222222 0.190625 0.9777777777777777 0.1953125 0.975 0.209375 0.9944444444444445 0.2703125 0.9916666666666666 0.3640625 0.9472222222222222 0.3125 0.9111111111111112 0.2421875 0.8805555555555555 0.240625 0.8805555555555555 0.23125 0.8972222222222223 0.234375 0.9083333333333333 0.2171875 0.925 0.2109375 0.9444444444444444
0 0.9765625 0.5416666666666666 0.96875 0.5722222222222222 0.9828125 0.675 0.9984375 0.6666666666666666 0.9984375 0.4722222222222222 0.996875 0.4722222222222222 0.9890625 0.5111111111111112 0.98125 0.5222222222222223 0.984375 0.5333333333333333 0.9765625 0.5416666666666666
0 0.115625 0.25 0.15 0.26666666666666666 0.2609375 0.26944444444444443 0.26875 0.28055555555555556 0.2734375 0.27499999999999997 0.28281249999999997 0.2833333333333333 0.2859375 0.28888888888888886 0.278125 0.2916666666666667 0.29375 0.3055555555555556 0.3296875 0.3055555555555556 0.3328125 0.3138888888888889 0.3203125 0.325 0.29062499999999997 0.3277777777777778 0.28125 0.3416666666666667 0.2609375 0.3444444444444445 0.26718749999999997 0.35833333333333334 0.2625 0.375 0.2265625 0.3805555555555556 0.234375 0.425 0.228125 0.4666666666666667 0.2328125 0.475 0.23125 0.4916666666666667 0.25156249999999997 0.5305555555555556 0.27499999999999997 0.5277777777777778 0.2921875 0.5472222222222223 0.328125 0.5555555555555556 0.3453125 0.5722222222222222 0.359375 0.5722222222222222 0.3828125 0.5555555555555556 0.3953125 0.5111111111111112 0.4109375 0.4916666666666667 0.4484375 0.4888888888888889 0.4765625 0.49722222222222223 0.5390625 0.4611111111111111 0.5437500000000001 0.4416666666666667 0.5437500000000001 0.3444444444444445 0.521875 0.3388888888888889 0.5125000000000001 0.35 0.496875 0.3472222222222222 0.4921875 0.325 0.5 0.3138888888888889 0.5499999999999999 0.3138888888888889 0.55625 0.3277777777777778 0.5750000000000001 0.3388888888888889 0.603125 0.4583333333333333 0.5984375 0.4888888888888889 0.5828125000000001 0.49722222222222223 0.578125 0.5083333333333333 0.55625 0.5138888888888888 0.5499999999999999 0.5305555555555556 0.5390625 0.525 0.521875 0.5555555555555556 0.5078125 0.5416666666666666 0.50625 0.5583333333333333 0.4859375 0.5805555555555556 0.4765625 0.5694444444444444 0.4703125 0.5972222222222222 0.4625 0.5916666666666667 0.4515625 0.6166666666666666 0.4390625 0.6166666666666666 0.4375 0.6277777777777778 0.4296875 0.6333333333333334 0.428125 0.65 0.3859375 0.7194444444444444 0.3421875 0.7638888888888888 0.31875 0.775 0.31875 0.7888888888888889 0.3375 0.8027777777777778 0.4171875 0.8416666666666667 0.459375 0.8722222222222222 0.5015625 0.8916666666666666 0.55625 0.8694444444444445 0.6015625 0.8694444444444445 0.765625 0.7611111111111112 0.8640625 0.7194444444444444 0.925 0.7111111111111111 0.9546875 0.5611111111111111 0.953125 0.5166666666666666 0.934375 0.4944444444444444 0.93125 0.475 0.95 0.4416666666666667 0.9484375 0.4333333333333333 0.959375 0.4222222222222222 0.9671875 0.375 0.9734375 0.3638888888888889 0.978125 0.3694444444444444 0.9796875 0.4222222222222222 0.9953125 0.4277777777777778 0.9984375 0.26944444444444443 0.9765625 0.2611111111111111 0.875 0.2638888888888889 0.8578125 0.2611111111111111 0.853125 0.25 0.99375 0.23333333333333334 0.9734375 0.225 0.9453125 0.2361111111111111 0.9421875 0.2277777777777778 0.93125 0.2277777777777778 0.928125 0.2361111111111111 0.6609375 0.23333333333333334 0.6609375 0.3027777777777778 0.6078125 0.3083333333333333 0.5499999999999999 0.2861111111111111 0.5437500000000001 0.27499999999999997 0.5359375000000001 0.21944444444444444 0.53125 0.2222222222222222 0.5296875 0.21944444444444444 0.525 0.2388888888888889 0.4703125 0.2472222222222222 0.18125 0.24166666666666667 0.115625 0.25
0 0.990625 0.4444444444444444 0.978125 0.4444444444444444 0.9765625 0.4583333333333333 0.9828125 0.4666666666666667 0.990625 0.4583333333333333 0.990625 0.4444444444444444
0 0.967671875 0.6258416666666667 0.96604375 0.6561750000000001 0.9738609375 0.6613888888888889 0.9679984374999999 0.6260555555555556 0.967671875 0.6258416666666667
0 0.9473953125 0.6518999999999999 0.9520375 0.6532805555555555 0.9523625 0.6243166666666666 0.9473953125 0.6518999999999999
0 0.9403109374999999 0.7065694444444445 0.9484531249999999 0.7042527777777777 0.9484531249999999 0.6683388888888889 0.9447078124999999 0.6688388888888889 0.9337953125 0.7164166666666667 0.9393328124999999 0.7169972222222222 0.9403109374999999 0.7065694444444445
0 0.9793984375 0.7088861111111112 0.980375 0.6920888888888889 0.9748375 0.672975 0.9622968749999999 0.6679694444444444 0.9650656249999999 0.6903527777777777 0.9735359375 0.6920888888888889 0.9793984375 0.7088861111111112
0 0.9914499999999999 0.734375 0.997965625 0.7384277777777778 0.9976390625 0.6944055555555556 0.99405625 0.6953305555555555 0.9934046875 0.7112055555555555 0.9914499999999999 0.7268444444444445 0.9914499999999999 0.734375
0 0.98265625 0.7320583333333333 0.98298125 0.7227888888888889 0.9793984375 0.7226944444444444 0.9764671875 0.7274222222222222 0.976140625 0.7320583333333333 0.98265625 0.7320583333333333