0 0 0.8031716412037037 0.0036458333333333334 0.8050373125 0.025520833333333333 0.7901119398148148 0.0296875 0.7835820902777777 0.034895833333333334 0.7826492546296295 0.03697916666666667 0.7779850740740741 0.041666666666666664 0.7761194027777778 0.042708333333333334 0.7705223888888889 0.053125 0.7574626875 0.059375 0.7621268657407407 0.06458333333333333 0.7611940300925926 0.058333333333333334 0.7583955231481482 0.06406250000000001 0.7546641782407407 0.0625 0.7518656712962963 0.06302083333333333 0.7388059699074074 0.059895833333333336 0.7266791041666666 0.0609375 0.7201492546296295 0.05677083333333333 0.6763059699074074 0.05677083333333333 0.6436567152777778 0.05260416666666667 0.6296641782407407 0.05520833333333334 0.6268656712962963 0.05572916666666666 0.6212686574074074 0.05520833333333334 0.583955224537037 0.053125 0.5615671643518518 0.05364583333333334 0.5074626875 0.053125 0.5018656712962963 0.04739583333333334 0.5 0.042708333333333334 0.5 0.0390625 0.5018656712962963 0.0375 0.5065298518518518 0.014583333333333334 0.5065298518518518 0.009375 0.5130597013888889 0 0.5130597013888889 0 0.8031716412037037
0 0 0.9990671643518518 0.05677083333333333 0.9990671643518518 0.059375 0.9897388055555555 0.06406250000000001 0.9906716412037037 0.06614583333333333 0.9841417916666666 0.06458333333333333 0.972947761574074 0.06041666666666667 0.9673507453703705 0.0453125 0.9664179097222223 0.04635416666666666 0.9617537314814816 0.050520833333333334 0.9636194027777778 0.05677083333333333 0.9598880601851852 0.06041666666666667 0.9654850740740741 0.0625 0.9589552245370371 0.06041666666666667 0.9421641782407407 0.0578125 0.9402985069444445 0.05625 0.9272388055555555 0.053125 0.9216417916666666 0.05572916666666666 0.9039179097222223 0.05364583333333334 0.8945895532407407 0.05364583333333334 0.8824626875 0.051041666666666666 0.8759328356481482 0.052083333333333336 0.8684701481481482 0.05 0.8582089560185184 0.0453125 0.8544776111111111 0.04479166666666667 0.8442164189814816 0.046875 0.8376865671296296 0.0421875 0.8348880601851852 0.0421875 0.8274253726851852 0.04635416666666666 0.8246268657407407 0.042708333333333334 0.8236940300925926 0.03854166666666666 0.8236940300925926 0.03229166666666666 0.8320895532407407 0.02395833333333333 0.8367537314814816 0.0203125 0.8460820902777777 0.0125 0.847947761574074 0.0109375 0.8526119398148148 0.013020833333333334 0.8563432847222222 0.008854166666666666 0.8628731342592593 0 0.8619402986111111 0 0.9990671643518518
0 0.2833333333333333 0.4692164189814815 0.2921875 0.5774253726851852 0.2963541666666667 0.5988805972222222 0.3005208333333333 0.5932835810185184 0.3203125 0.5820895532407407 0.3421875 0.5634328356481482 0.3395833333333333 0.5569029861111111 0.3416666666666667 0.5223880601851851 0.340625 0.4869402986111111 0.3364583333333333 0.48320895601851854 0.3395833333333333 0.47947761111111115 0.340625 0.4608208958333333 0.3354166666666667 0.4570895532407407 0.334375 0.4570895532407407 0.3067708333333333 0.46268656712962963 0.3 0.46641790972222225 0.2864583333333333 0.46641790972222225 0.2833333333333333 0.4692164189814815
0 0.3161458333333333 0.6063432847222222 0.303125 0.6138059699074074 0.2989583333333333 0.6194029861111111 0.3010416666666667 0.6716417916666666 0.3041666666666667 0.6847014930555555 0.30572916666666666 0.7136194027777778 0.3098958333333333 0.7257462685185184 0.3208333333333333 0.722947761574074 0.3223958333333333 0.7201492546296295 0.3197916666666667 0.7164179097222223 0.3208333333333333 0.714552238425926 0.3244791666666667 0.7164179097222223 0.3411458333333333 0.6921641782407407 0.3401041666666667 0.6679104467592593 0.3421875 0.6427238796296296 0.3416666666666667 0.6268656712962963 0.3395833333333333 0.6194029861111111 0.340625 0.5923507453703704 0.3385416666666667 0.5886194027777778 0.3380208333333333 0.5886194027777778 0.325 0.5960820902777777 0.32135416666666666 0.6063432847222222 0.3171875 0.6016791041666666 0.3161458333333333 0.6063432847222222
0 0.3130208333333333 0.7695895532407407 0.3151041666666667 0.8031716412037037 0.3177083333333333 0.8162313425925926 0.32135416666666666 0.8227611944444445 0.33125 0.8199626875 0.3416666666666667 0.7966417916666666 0.34375 0.7705223888888889 0.340625 0.7444029861111111 0.3421875 0.7313432847222222 0.3411458333333333 0.7192164189814816 0.3380208333333333 0.7192164189814816 0.3317708333333333 0.7238805972222222 0.3130208333333333 0.7583955231481482 0.3145833333333333 0.7639925370370371 0.3130208333333333 0.7695895532407407
0 0.460084375 0.46049533564814815 0.4498723958333333 0.4567098888888889 0.4307682291666666 0.4526968287037037 0.4319125 0.5033964560185185 0.45832395833333334 0.48383862037037034 0.460084375 0.46049533564814815
0 0.45797187500000003 0.5305251875 0.45761927083333337 0.4920401111111111 0.4529536458333333 0.49621641898148144 0.45339375 0.49645615740740745 0.4530416666666667 0.5355718287037037 0.45797187500000003 0.5305251875
0 0.4593802083333333 0.5475597013888889 0.45797187500000003 0.5336791041666666 0.4537727638888889 0.5417808587962963 0.45409791666666666 0.5481902986111111 0.4593802083333333 0.5475597013888889
0 0.4481114583333333 0.5481902986111111 0.4474072916666667 0.5021343287037037 0.43948385416666663 0.507097013888889 0.4400119791666666 0.5380960810185185 0.44247708333333335 0.5481902986111111 0.4481114583333333 0.5481902986111111
0 0.4333213541666667 0.5122285439814815 0.43015156250000003 0.5141212685185186 0.42944739583333336 0.5658554097222223 0.4333213541666667 0.567117537037037 0.4333213541666667 0.5122285439814815
0 0.43226458333333334 0.5690102615740741 0.42997552083333335 0.573794775462963 0.42909531250000005 0.5923535439814814 0.43226458333333334 0.6207434699074074 0.43226458333333334 0.5690102615740741