0 0.8114583333333334 0.7126865671296296 0.8114583333333334 0.7266791041666666 0.8145833333333333 0.7294776111111111 0.815625 0.7369402986111111 0.8380208333333333 0.7649253726851852 0.8416666666666667 0.7658582083333334 0.8645833333333334 0.7929104467592593 0.8697916666666666 0.7957089560185184 0.8796875 0.8097014930555555 0.9328125 0.8647388055555555 0.990625 0.9319029861111111 0.9994791666666666 0.9384328356481482 0.9994791666666666 0.5363805972222222 0.9708333333333333 0.527052238425926 0.9322916666666666 0.5223880601851851 0.9244791666666666 0.5177238796296296 0.8796875 0.5130597013888889 0.875 0.5102611944444445 0.8729166666666667 0.5046641782407407 0.8713541666666667 0.5074626875 0.8645833333333334 0.5055970138888889 0.8630208333333333 0.5093283587962963 0.8604166666666666 0.5046641782407407 0.8583333333333334 0.5074626875 0.8574651041666667 0.5046641782407407 0.8239583333333333 0.4981343287037037 0.8192708333333334 0.5055970138888889 0.8197916666666666 0.5541044768518518 0.8151041666666666 0.652052238425926 0.8161458333333333 0.6660447754629629 0.8114583333333334 0.7126865671296296
0 0.7953125 0.9207089560185184 0.7953125 0.9291044768518518 0.7984375 0.9393656712962963 0.7979166666666666 0.9477611944444445 0.7963541666666666 0.9458955231481482 0.7916666666666666 0.9496268657407407 0.7932291666666667 0.9561567152777778 0.796875 0.9552238796296296 0.796875 0.9608208958333334 0.7994791666666666 0.9636194027777778 0.8052083333333334 0.9804104467592593 0.809375 0.9878731342592593 0.8140625 0.9897388055555555 0.8145833333333333 0.9944029861111111 0.8260416666666667 0.9990671643518518 0.9901041666666667 0.9990671643518518 0.99375 0.9944029861111111 0.9604166666666666 0.9486940300925926 0.9380208333333334 0.9253731342592593 0.9036458333333334 0.8805970138888889 0.8932291666666666 0.8703358217592593 0.8916666666666666 0.8656716412037037 0.88125 0.8563432847222222 0.8296875 0.7938432847222222 0.828125 0.7891791041666666 0.8197916666666666 0.7863805972222222 0.8213541666666666 0.7826492546296295 0.8166666666666667 0.7817164189814816 0.8140625 0.7761194027777778 0.8104166666666667 0.7761194027777778 0.809375 0.7826492546296295 0.8109375 0.7873134328703704 0.8078125 0.7929104467592593 0.8088541666666667 0.7994402986111111 0.8052083333333334 0.8134328356481482 0.8036458333333334 0.8460820902777777 0.7979166666666666 0.8955223888888889 0.7989583333333333 0.9001865671296296 0.7953125 0.9207089560185184
0 0.7894223958333334 0.9726035439814815 0.7862182291666667 0.9990671643518518 0.8041635416666666 0.9990671643518518 0.7894223958333334 0.9726035439814815
0 0.6503380208333334 0.4680345138888889 0.6455458333333334 0.5428190300925926 0.652875 0.4680736944444444 0.6503380208333334 0.4680345138888889
0 0.6325786458333333 0.45595242592592594 0.6262359375000001 0.45591697685185184 0.6213026041666666 0.5382733217592592 0.6260947916666667 0.5438292916666667 0.6325786458333333 0.45595242592592594
0 0.6193291666666667 0.6377658587962963 0.6246854166666667 0.5660503726851852 0.6203161458333334 0.5574001875 0.6198932291666667 0.5574645532407407 0.6153828124999999 0.629180037037037 0.6193291666666667 0.6377658587962963
0 0.6170739583333332 0.6766539189814815 0.6193291666666667 0.6443311574074074 0.6152416666666667 0.6365419768518519 0.6125640625000001 0.6705932847222222 0.6134093749999999 0.6776641782407408 0.6170739583333332 0.6766539189814815
0 0.5987510416666667 0.6034235069444444 0.5873338541666667 0.5816352615740741 0.587475 0.6322108217592592 0.597059375 0.6579673518518518 0.5987510416666667 0.6034235069444444
0 0.5869109375 0.6577472013888889 0.5869109375 0.6756436574074074 0.5922671875 0.6781688425925926 0.5869109375 0.6577472013888889
0 0.5987510416666667 0.5402938425925926 0.6010062500000001 0.5367583958333333 0.5879682291666667 0.5229412314814814 0.5880385416666667 0.5761511203703704 0.5981869791666666 0.596352611111111 0.5987510416666667 0.5402938425925926
0 0.58211875 0.5216072754629629 0.5826828125 0.5170615671296296 0.5793 0.5112024259259259 0.5781723958333334 0.555444962962963 0.5818369791666667 0.561 0.58211875 0.5216072754629629
0 0.6100265625 0.4574673518518519 0.5871932291666666 0.45342723842592597 0.5784541666666667 0.4554477615740741 0.5787359375 0.5029207083333334 0.6043885416666667 0.5332229467592593 0.6100265625 0.4574673518518519