0 0 0.7479645532407407 0.0048 0.7465354467592592 0 0.6783199629629629 0 0.7479645532407407
0 0.0077296875 0.7600289189814815 0.0010338541666666666 0.7660261203703704 0.0006151041666666667 0.7787695902777778 0.0077296875 0.7802686574074074 0.0077296875 0.7600289189814815
0 0.008566666666666667 0.7952611944444444 0.000628125 0.7890186574074074 0.0014520833333333332 0.837989738425926 0.012333333333333333 0.8484841412037036 0.008566666666666667 0.7952611944444444
0 0.021959375 0.7922621273148148 0.018211458333333333 0.792392724537037 0.020703645833333333 0.8267453356481481 0.02530729166666667 0.8102537314814815 0.021959375 0.7922621273148148
0 0.033258854166666664 0.8507332083333333 0.03493333333333334 0.8432369398148148 0.026981250000000002 0.8184990671296296 0.021540625 0.8409878726851852 0.021540625 0.851482275462963 0.0303296875 0.8537313425925925 0.033258854166666664 0.8507332083333333
0 0.035351562499999996 0.7427873125 0.02112239583333333 0.7502835810185184 0.029910937500000002 0.7855158587962963 0.036188541666666664 0.7652761203703704 0.035351562499999996 0.7427873125
0 0.03493333333333334 0.7885139930555555 0.039118229166666664 0.7930121273148147 0.03869947916666666 0.7757705231481481 0.03493333333333334 0.7885139930555555
0 0.03516770833333333 0.8013908587962963 0.040373958333333335 0.8170000000000001 0.04162916666666666 0.8057555972222222 0.03516770833333333 0.8013908587962963
0 0.014426041666666667 0.7225475740740741 0.017773958333333333 0.7382901111111111 0.033677604166666666 0.7285447754629629 0.0303296875 0.6678255601851852 0.01194633101851852 0.6729473912037037 0.014426041666666667 0.7225475740740741
0 0.05334739583333333 0.7023078356481481 0.05463489583333333 0.7147845138888889 0.058788020833333336 0.7120531712962963 0.0575328125 0.7038069027777778 0.055021875 0.6985597013888888 0.05334739583333333 0.7023078356481481
0 0.07008802083333333 0.8027574629629629 0.08013229166666667 0.8050055972222223 0.08348020833333335 0.7997583958333334 0.07469166666666667 0.7802686574074074 0.06715833333333333 0.7517826481481481 0.06213645833333333 0.7255457083333333 0.056695833333333334 0.7285447754629629 0.05627708333333333 0.7750214560185185 0.065903125 0.8005083958333334 0.07008802083333333 0.8027574629629629
0 0.061717708333333336 0.6565811574074074 0.0521234375 0.6602332083333334 0.052510416666666664 0.6760708958333334 0.05627708333333333 0.6805690300925926 0.061717708333333336 0.6565811574074074
0 0.06312604166666667 0.6916791041666666 0.06789635416666667 0.7093376874999999 0.10606041666666667 0.6831343287037037 0.10574270833333334 0.6529421643518518 0.10001822916666667 0.6529421643518518 0.08952291666666667 0.6495242546296296 0.07966354166666667 0.6495242546296296 0.08220833333333334 0.6546511203703703 0.07998177083333333 0.6580690300925925 0.07934583333333334 0.6614869398148149 0.0768015625 0.6529421643518518 0.06598854166666666 0.6540820902777779 0.05822083333333333 0.682069962962963 0.057401562499999996 0.6819944027777778 0.0609 0.6831343287037037 0.06312604166666667 0.6916791041666666
0 0.073303125 0.7269972013888889 0.07966354166666667 0.7520615671296297 0.09111302083333334 0.7930764930555555 0.10924114583333333 0.7737089560185185 0.106696875 0.6939570902777779 0.0780734375 0.7167434699074073 0.07775572916666666 0.7167434699074073 0.07075885416666666 0.7190223888888889 0.073303125 0.7269972013888889
0 0.11878229166666666 0.7663031712962963 0.1295953125 0.7554794768518519 0.116203125 0.7136949629629629 0.11878229166666666 0.7663031712962963
0 0.14581510416666668 0.6580690300925925 0.1143296875 0.6535121273148148 0.11464739583333333 0.6677537314814814 0.11623802083333333 0.6762985069444445 0.14581510416666668 0.6580690300925925
0 0.15790052083333334 0.6609179097222223 0.12164427083333333 0.6842733217592593 0.13627395833333333 0.7440867546296296 0.16203489583333333 0.6614869398148149 0.15790052083333334 0.6609179097222223
0 0.16585104166666667 0.6631958958333334 0.1393484375 0.7440373125 0.17507395833333333 0.7127555972222223 0.1753921875 0.6654748125 0.16585104166666667 0.6631958958333334
0 0.17380208333333333 0.6159151111111112 0.15535625 0.6244598888888889 0.1337296875 0.6307257453703704 0.12768697916666666 0.6341436574074074 0.16807760416666667 0.6404104467592592 0.17316614583333334 0.6255988796296296 0.17380208333333333 0.6159151111111112
0 0.1910291666666667 0.6686175370370371 0.18513229166666664 0.666732275462963 0.18667916666666665 0.699352611111111 0.19610468749999999 0.6906940300925926 0.1910291666666667 0.6686175370370371
0 0.19634635416666665 0.6283582083333333 0.19417135416666667 0.6054151111111111 0.18957916666666666 0.6101772384259259 0.1832953125 0.6101772384259259 0.18350052083333335 0.6284104467592593 0.1832953125 0.6283582083333333 0.18522916666666667 0.6352845138888888 0.19634635416666665 0.6283582083333333
0 0.19658802083333332 0.6378824629629629 0.18957916666666666 0.6417779861111111 0.19030416666666666 0.6448078356481481 0.19779635416666666 0.6452416041666666 0.19658802083333332 0.6378824629629629
0 0.20166302083333335 0.6703488796296296 0.19673697916666666 0.6686809699074074 0.20069635416666665 0.6833348888888889 0.20408020833333332 0.6816035439814816 0.20166302083333335 0.6703488796296296
0 0.20553020833333335 0.6010867546296297 0.19855 0.6050279861111112 0.20142135416666668 0.6240298518518519 0.20601354166666666 0.6227313425925927 0.20553020833333335 0.6010867546296297
0 0.206496875 0.6309561574074074 0.20335520833333334 0.6339860069444444 0.20335520833333334 0.6417779861111111 0.20746354166666667 0.6439421643518519 0.206496875 0.6309561574074074
0 0.2304234375 0.6162378726851853 0.24178229166666668 0.5855027986111111 0.2183390625 0.5954589560185185 0.2166473958333333 0.6184020532407407 0.22220625 0.6149393657407407 0.2304234375 0.6162378726851853
0 0.22873125 0.6214319027777777 0.22172291666666666 0.6201333958333334 0.21758906249999999 0.6235391782407407 0.2183390625 0.6474057847222222 0.22027239583333333 0.6478386203703704 0.22873125 0.6214319027777777
0 0.23499635416666664 0.6154207083333333 0.24613229166666667 0.6171035439814815 0.245890625 0.5837714560185185 0.23499635416666664 0.6154207083333333
0 0.24250729166666665 0.6495699629629629 0.244440625 0.6391809699074074 0.24540729166666667 0.6240298518518519 0.2330015625 0.6219151111111111 0.23235677083333334 0.6209990671296296 0.22413958333333334 0.6487042916666667 0.24250729166666665 0.6495699629629629
0 0.27005885416666664 0.5703516782407407 0.2536244791666667 0.5777108217592593 0.2519328125 0.615805037037037 0.2545911458333333 0.6171035439814815 0.27005885416666664 0.5703516782407407
0 0.27455625 0.6523190300925926 0.27989114583333335 0.6268348888888888 0.25588229166666665 0.6257733217592593 0.2523255208333333 0.6347985069444445 0.25114010416666666 0.650194962962963 0.27455625 0.6523190300925926
0 0.28641197916666666 0.5679048518518518 0.28226249999999997 0.5668423518518518 0.27514895833333336 0.5694972013888889 0.25973593749999996 0.6167481342592593 0.2807807291666667 0.6188712685185186 0.2878942708333333 0.5817080231481482 0.28641197916666666 0.5679048518518518
0 0.29085833333333333 0.5944496273148148 0.2875979166666667 0.6199337685185186 0.2929333333333333 0.6209953356481482 0.2929333333333333 0.5981660439814815 0.29085833333333333 0.5944496273148148
0 0.2938223958333333 0.6305513055555556 0.2868729166666667 0.6285121273148149 0.280484375 0.651257462962963 0.29263645833333335 0.6528498125 0.2938223958333333 0.6305513055555556
0 0.2997505208333333 0.6539113796296296 0.3039 0.6549738796296296 0.30110572916666667 0.638867537037037 0.2997505208333333 0.6539113796296296
0 0.36051354166666666 0.5663115671296297 0.36051354166666666 0.5689664189814815 0.35695625 0.5763992546296296 0.3510286458333333 0.5827695902777777 0.34539687500000005 0.5790531712962963 0.34391458333333336 0.5673731342592593 0.31101354166666667 0.5636576481481481 0.3107171875 0.5710895532407407 0.30864270833333335 0.581177238425926 0.3041963541666667 0.5896716412037036 0.30864270833333335 0.5896716412037036 0.30864270833333335 0.5939188425925926 0.3039 0.5960429097222223 0.3053822916666667 0.6204645532407407 0.3735552083333334 0.6247117546296296 0.37444427083333337 0.5705587685185185 0.36051354166666666 0.5663115671296297
0 0.319609375 0.6570970138888889 0.3264265625 0.6629375000000001 0.32879791666666663 0.6709011203703703 0.3285015625 0.6783330231481481 0.355178125 0.6804570902777778 0.36140260416666664 0.6714319027777778 0.3702947916666667 0.6602826481481481 0.3729625 0.6310830231481481 0.30745677083333334 0.6289589560185185 0.30864270833333335 0.6555046643518518 0.31368125 0.6570970138888889 0.319609375 0.6570970138888889
0 0.4197942708333333 0.6247117546296296 0.4227583333333333 0.6194029861111111 0.4251296875 0.6146240671296297 0.4254260416666667 0.6029440300925926 0.4269078125 0.5949804097222222 0.4245369791666667 0.5870167916666666 0.4233510416666667 0.5726828356481481 0.42720416666666666 0.5694972013888889 0.378890625 0.5673731342592593 0.378890625 0.6247117546296296 0.4171265625 0.6284281712962964 0.4197942708333333 0.6247117546296296
0 0.4192015625 0.6507257453703703 0.4192015625 0.6347985069444445 0.3798286458333333 0.6332910439814815 0.37948333333333334 0.634267724537037 0.37948333333333334 0.6475410439814815 0.4192015625 0.6507257453703703
0 0.389940625 0.5548152986111111 0.392165625 0.559107275462963 0.3990125 0.557267724537037 0.39593125 0.5535886203703704 0.39576041666666667 0.5508292916666667 0.39165208333333335 0.5508292916666667 0.389940625 0.5548152986111111
0 0.3525447916666667 0.5323722013888889 0.3548713541666667 0.5374319027777777 0.35088281250000003 0.5377294768518519 0.34307291666666667 0.5380270532407407 0.342740625 0.5347527986111111 0.34523333333333334 0.5305858217592593 0.3400817708333333 0.5299906712962963 0.33360104166666665 0.5293955231481482 0.32828385416666667 0.5290979467592593 0.324628125 0.5261212685185185 0.32113802083333337 0.527610074074074 0.31980885416666666 0.5302882453703703 0.3204734375 0.5356464560185186 0.31432499999999997 0.5344552245370371 0.3063489583333333 0.5359440300925926 0.3096723958333333 0.5362416041666667 0.310503125 0.5398134328703703 0.3078447916666666 0.5460634328703704 0.310503125 0.5529095138888889 0.31233125 0.5502304097222223 0.3124973958333333 0.5427891782407408 0.3128296875 0.5395158587962963 0.31515625 0.5466585810185185 0.31864583333333335 0.5469561574074073 0.3193104166666667 0.5520167916666666 0.31980885416666666 0.555290111111111 0.3581947916666667 0.5561837685185185 0.3633458333333333 0.5493376875 0.3640453125 0.5343451481481482 0.36367812499999996 0.5338600740740741 0.35669895833333337 0.5323722013888889 0.3525447916666667 0.5323722013888889