0 0.7409713541666667 0.5529542916666667 0.8628265625 0.5176921643518518 0.6289572916666666 0.45494776157407407 0.6283786458333332 0.4922835810185185 0.7392348958333333 0.5425830231481482 0.7409713541666667 0.5529542916666667
0 0.7322880208333333 0.5539916041666667 0.7331567708333333 0.5477686574074073 0.6807677083333333 0.5217733217592593 0.6801885416666666 0.5187294768518519 0.6784520833333333 0.5628069027777778 0.7322880208333333 0.5539916041666667
0 0.6717947916666667 0.5664365671296296 0.6744 0.524952425925926 0.6749786458333333 0.5192481342592592 0.6411140625 0.5052472013888889 0.6373510416666667 0.5524356342592592 0.6619536458333334 0.567992537037037 0.6717947916666667 0.5664365671296296
0 0.6243265625 0.5425830231481482 0.6318520833333333 0.5456940300925927 0.6344567708333334 0.5062845138888888 0.635325 0.501617537037037 0.6263425 0.49769418518518516 0.6243265625 0.5425830231481482
0 0.6561651041666666 0.5711035439814816 0.6377854166666667 0.5559878726851851 0.6370619791666667 0.5648805972222222 0.6390880208333334 0.5742145532407408 0.6561651041666666 0.5711035439814816
0 0.6312729166666666 0.5513983217592592 0.6238921875000001 0.5466567152777778 0.624615625 0.5560652986111111 0.6315624999999999 0.5591763055555555 0.6312729166666666 0.5513983217592592
0 0.6202739583333333 0.49591324537037035 0.6097817708333333 0.4906688425925926 0.6072494791666666 0.5296194027777777 0.6185375 0.5389533587962964 0.6202739583333333 0.49591324537037035
0 0.6182479166666667 0.5431016782407407 0.60739375 0.5361585810185185 0.6075385416666668 0.5545093287037037 0.6179588541666667 0.5534729467592593 0.6182479166666667 0.5431016782407407
0 0.6153536458333334 0.4570214560185185 0.6147750000000001 0.48554197685185185 0.6205635416666667 0.4891716412037037 0.6205635416666667 0.480875 0.6217213541666666 0.44924346990740743 0.6176692708333333 0.4482061574074074 0.6188270833333334 0.4528731342592593 0.6153536458333334 0.4570214560185185
0 0.6055124999999999 0.4813936574074074 0.612459375 0.4850233217592593 0.6134723958333334 0.44595709027777775 0.5985661458333333 0.44353917824074074 0.5956713541666666 0.5513983217592592 0.6023286458333333 0.5539916041666667 0.6055124999999999 0.4813936574074074
0 0.5600703125000001 0.42642723842592595 0.5369151041666667 0.4233162314814815 0.5369151041666667 0.4539104467592593 0.5594911458333334 0.46480037268518515 0.5600703125000001 0.42642723842592595
0 0.5600703125000001 0.4710223888888889 0.5577546875 0.4710223888888889 0.5563072916666667 0.5031725740740741 0.5586229166666666 0.5042098888888888 0.5600703125000001 0.4710223888888889
0 0.5600703125000001 0.5083582083333333 0.5580442708333334 0.5083582083333333 0.5548604166666666 0.5394720138888889 0.5583333333333333 0.5405083958333333 0.5600703125000001 0.5083582083333333
0 0.5580442708333334 0.5436203356481482 0.5557286458333333 0.5427686574074074 0.5560182291666667 0.5477686574074073 0.5574651041666667 0.5498423518518518 0.5580442708333334 0.5436203356481482
0 0.5537026041666666 0.47205970138888886 0.5548604166666666 0.468430037037037 0.5418354166666667 0.4615083958333333 0.5415458333333333 0.49020895601851855 0.552834375 0.500580224537037 0.5537026041666666 0.47205970138888886
0 0.5522552083333333 0.5358414189814815 0.5531234374999999 0.5057658587962963 0.5414010416666667 0.49611193981481483 0.54125625 0.49591324537037035 0.54125625 0.5223591412037037 0.5522552083333333 0.5358414189814815
0 0.5522552083333333 0.5389533587962964 0.541184375 0.528382462962963 0.5403880208333333 0.5306567152777778 0.551965625 0.5462126875 0.5522552083333333 0.5389533587962964
0 0.5325734375 0.45754011111111115 0.5305473958333333 0.45684328472222224 0.5305473958333333 0.47828264814814814 0.5322838541666667 0.4798376875 0.5325734375 0.45754011111111115
0 0.5395197916666666 0.46168843287037037 0.5351057291666667 0.46034235185185185 0.5348885416666667 0.4834682847222222 0.5386515625 0.4865792916666667 0.5395197916666666 0.46168843287037037
0 0.5386515625 0.4933208958333334 0.53373125 0.4881352615740741 0.5345994791666667 0.5078395532407407 0.5386515625 0.49850559722222226 0.5386515625 0.4933208958333334
0 0.5348885416666667 0.5202182847222222 0.5372041666666667 0.5280634328703704 0.5377833333333333 0.5135438425925926 0.5348885416666667 0.5202182847222222
0 0.5279421875 0.4834682847222222 0.52070625 0.48450466435185185 0.5201270833333334 0.5088768657407408 0.526784375 0.5145811574074074 0.5279421875 0.4834682847222222
0 0.526784375 0.4559850740740741 0.5218640625000001 0.4517882453703703 0.5212848958333334 0.479319962962963 0.5262057291666666 0.47620802314814814 0.526784375 0.4559850740740741
0 0.5325734375 0.4456138055555556 0.5220807291666666 0.44440112037037033 0.5227322916666667 0.4487248125 0.5325734375 0.4528731342592593 0.5325734375 0.4456138055555556
0 0.5325734375 0.4222789189814815 0.5227322916666667 0.4210736944444445 0.5241791666666666 0.43783488888888894 0.5325734375 0.43576119444444444 0.5325734375 0.4222789189814815
0 0.4962484375 0.42301772453703707 0.4897359375 0.42538992592592595 0.4897359375 0.43783488888888894 0.49523541666666665 0.43679850694444444 0.4962484375 0.42301772453703707
0 0.4920515625 0.4414654861111111 0.4897359375 0.4397360069444445 0.4888677083333334 0.4736156712962963 0.4920515625 0.47724533564814814 0.4920515625 0.4414654861111111
0 0.4949458333333333 0.44250186574074074 0.493209375 0.4432350740740741 0.493209375 0.4813936574074074 0.4949458333333333 0.4813936574074074 0.4949458333333333 0.44250186574074074