0 0.8401041666666667 0.8936567152777778 0.8817708333333334 0.9440298518518518 0.8932291666666666 0.9552238796296296 0.8973958333333334 0.9561567152777778 0.9078125 0.8619402986111111 0.9088541666666666 0.8432835810185184 0.9072916666666666 0.8348880601851852 0.8328125 0.7779850740740741 0.83125 0.7798507453703705 0.8276041666666666 0.8423507453703705 0.8270833333333334 0.8591417916666666 0.8296875 0.8740671643518518 0.8385416666666666 0.8871268657407407 0.8401041666666667 0.8936567152777778
0 0.8177083333333334 0.8582089560185184 0.8213541666666666 0.8386194027777778 0.8213541666666666 0.8162313425925926 0.8244791666666667 0.7863805972222222 0.8244791666666667 0.7779850740740741 0.821875 0.7686567152777778 0.7671875 0.7257462685185184 0.7651041666666666 0.7257462685185184 0.765625 0.7341417916666666 0.7640625 0.7397388055555555 0.7625 0.7695895532407407 0.7635416666666667 0.7891791041666666 0.8005208333333333 0.8414179097222223 0.8177083333333334 0.8582089560185184
0 0.7239583333333334 0.7341417916666666 0.7479166666666667 0.7695895532407407 0.7552083333333334 0.7733208958333334 0.7583333333333334 0.7341417916666666 0.7578125 0.7201492546296295 0.740625 0.7024253726851852 0.7296875 0.6968283587962963 0.7291666666666666 0.6921641782407407 0.7229166666666667 0.6921641782407407 0.725 0.7024253726851852 0.7234375 0.7126865671296296 0.7239583333333334 0.7341417916666666
0 0.678125 0.5792910439814815 0.684375 0.5914179097222222 0.69375 0.6016791041666666 0.7161458333333334 0.6194029861111111 0.7234375 0.6222014930555555 0.7270833333333334 0.6324626875 0.7348958333333334 0.6324626875 0.7385416666666667 0.6361940300925926 0.7364583333333333 0.6445895532407407 0.7270833333333334 0.6492537314814816 0.7239583333333334 0.6539179097222223 0.725 0.6725746273148148 0.7234375 0.6781716412037037 0.7723958333333334 0.7182835810185184 0.8088541666666667 0.7425373125 0.8203125 0.7546641782407407 0.8791666666666667 0.7966417916666666 0.9041666666666667 0.8180970138888889 0.9078125 0.8199626875 0.9098958333333333 0.8171641782407407 0.9125 0.7938432847222222 0.9171875 0.6996268657407407 0.9177083333333333 0.625 0.9197916666666667 0.5811567152777778 0.9197916666666667 0.5513059699074074 0.9177083333333333 0.5466417916666667 0.9026041666666667 0.5429104467592593 0.8833333333333334 0.5438432847222222 0.8359375 0.5326492546296296 0.8239583333333333 0.5335820902777778 0.8083333333333333 0.5289179097222222 0.7609375 0.5242537314814815 0.7416666666666666 0.5186567152777778 0.7307291666666667 0.5186567152777778 0.7239583333333334 0.5111940300925926 0.7151041666666667 0.5195895532407407 0.7015625 0.5205223888888889 0.6927083333333334 0.5065298518518518 0.6833333333333333 0.5055970138888889 0.6640625 0.5055970138888889 0.6609375 0.5074626875 0.6578125 0.5167910439814815 0.6505208333333333 0.5111940300925926 0.6484375 0.5205223888888889 0.6473958333333334 0.5363805972222222 0.65 0.5466417916666667 0.6567708333333334 0.5569029861111111 0.678125 0.5792910439814815
0 0.6921796874999999 0.6808488796296296 0.6983203125 0.6863479467592593 0.7039020833333333 0.6873479467592593 0.7106005208333334 0.6798488796296297 0.7083677083333334 0.6513554097222222 0.7016692708333333 0.6523554097222223 0.6857604166666667 0.6613535439814814 0.6913427083333333 0.6728507453703704 0.6921796874999999 0.6808488796296296
0 0.7198109375 0.6858479467592593 0.7142291666666667 0.6818488796296296 0.7128333333333333 0.6843479467592593 0.7128333333333333 0.718340486111111 0.7178572916666667 0.7258386203703703 0.7198109375 0.6858479467592593
0 0.6927380208333334 0.6913470138888889 0.7100427083333334 0.7138414189814816 0.7100427083333334 0.6868479467592593 0.7039020833333333 0.6913470138888889 0.6994364583333333 0.6908470138888889 0.6927380208333334 0.6868479467592593 0.6927380208333334 0.6913470138888889
0 0.6863187500000001 0.6753498125 0.6796203125 0.6668516782407408 0.6796203125 0.6743507453703704 0.6863187500000001 0.6843479467592593 0.6863187500000001 0.6753498125
0 0.6935755208333333 0.6248610069444445 0.6771083333333334 0.6098647384259259 0.6723635416666667 0.6098647384259259 0.6723635416666667 0.6248610069444445 0.6935755208333333 0.6248610069444445
0 0.6656651041666666 0.6243619398148148 0.661478125 0.6253610069444444 0.6600828125 0.6208619398148149 0.6628739583333334 0.6183628726851852 0.6628739583333334 0.6108647384259259 0.6475229166666666 0.6123638055555555 0.6480812499999999 0.6273610069444444 0.6656651041666666 0.6268610069444444 0.6656651041666666 0.6243619398148148
0 0.6745963541666667 0.5883694027777777 0.6478020833333333 0.5533768657407407 0.64724375 0.5678740671296296 0.6648276041666668 0.5893694027777778 0.6745963541666667 0.5883694027777777
0 0.6519885416666666 0.5878694027777778 0.6558963541666666 0.5868694027777778 0.6581291666666667 0.5893694027777778 0.6606411458333333 0.5893694027777778 0.6475229166666666 0.5738731342592592 0.6475229166666666 0.5908694027777778 0.6528260416666667 0.5903694027777777 0.6519885416666666 0.5878694027777778