0 0.896875 0.9748134328703704 0.9010416666666666 0.9832089560185184 0.9 0.9990671643518518 0.9994791666666666 0.9990671643518518 0.9994791666666666 0.8554104467592593 0.9911458333333334 0.8572761203703704 0.9651041666666667 0.8535447754629629 0.9177083333333333 0.8563432847222222 0.9145833333333334 0.8535447754629629 0.8942708333333333 0.8516791041666666 0.8479166666666667 0.8526119398148148 0.8432291666666666 0.8554104467592593 0.8442708333333334 0.8647388055555555 0.8427083333333334 0.8768656712962963 0.8453125 0.8861940300925926 0.8432291666666666 0.8964552245370371 0.8369791666666666 0.9067164189814816 0.8375 0.9141791041666666 0.8338541666666667 0.9281716412037037 0.8322916666666667 0.9486940300925926 0.8364583333333334 0.9542910439814816 0.8510416666666666 0.9664179097222223 0.896875 0.9748134328703704
0 0.79865 0.8922052245370371 0.8070838541666667 0.8938470138888889 0.8259682291666667 0.8544412314814814 0.8015833333333333 0.8534561574074074 0.8017666666666666 0.865934701388889 0.7990166666666667 0.8705317152777778 0.79865 0.8922052245370371
0 0.8945145833333333 0.9990671643518518 0.896421875 0.9848666041666667 0.885846875 0.9826930972222222 0.885846875 0.9966651111111111 0.8893140625 0.9990671643518518 0.8945145833333333 0.9990671643518518
0 0.8829 0.9811408587962963 0.8631375 0.9780363796296295 0.8827265625 0.994802238425926 0.8829 0.9811408587962963
0 0.8263859375 0.9780363796296295 0.8256927083333333 0.9963544768518519 0.8485755208333333 0.9982173518518519 0.826559375 0.9783460810185185 0.8263859375 0.9780363796296295
0 0.7941473958333334 0.8636641782407408 0.7853036458333333 0.8630886203703704 0.777425 0.9054216412037037 0.7918963541666666 0.9166529861111111 0.7941473958333334 0.8636641782407408
0 0.6099213541666666 0.8143656712962963 0.6114947916666666 0.8059123125 0.5776682291666666 0.7993376875 0.580028125 0.8096697754629629 0.6099213541666666 0.8143656712962963
0 0.5758328125 0.8007462685185186 0.5582640625 0.7998069027777779 0.5580020833333333 0.8054430972222222 0.5768817708333334 0.8087304097222222 0.5758328125 0.8007462685185186
0 0.5236515625 0.7913535439814815 0.521815625 0.7913535439814815 0.522078125 0.8040335810185185 0.5241755208333333 0.8040335810185185 0.5257489583333333 0.7998069027777779 0.5236515625 0.7913535439814815
0 0.5170958333333333 0.8059123125 0.5173578125 0.7894748125 0.49061145833333336 0.7772639930555556 0.47461614583333334 0.779142724537037 0.4816963541666667 0.815305037037037 0.5170958333333333 0.8059123125
0 0.4282036458333333 0.808260261574074 0.45494999999999997 0.8218805972222222 0.4670119791666667 0.8195317152777778 0.4680609375 0.7814906712962963 0.4559989583333333 0.7833694027777777 0.4295145833333333 0.7716287314814815 0.4282036458333333 0.808260261574074
0 0.46727447916666665 0.7753852615740741 0.46675 0.7692798518518518 0.4303015625 0.7551902986111111 0.43003906249999996 0.765992537037037 0.45573645833333337 0.7772639930555556 0.46727447916666665 0.7753852615740741
0 0.480909375 0.7739766782407408 0.4738296875 0.7702192152777777 0.47225625 0.7735065300925926 0.47304322916666663 0.7753852615740741 0.480909375 0.7739766782407408
0 0.5438421875 0.8012164189814815 0.5472510416666667 0.8030942152777778 0.5488244791666667 0.7965195902777779 0.5435796875 0.7932322754629629 0.5378109375 0.7946408587962963 0.5383354166666666 0.8016856342592592 0.5438421875 0.8012164189814815
0 0.21041562500000002 0.6792210810185184 0.19614635416666668 0.6787882453703703 0.19614635416666668 0.6939496273148149 0.2106578125 0.694382462962963 0.21041562500000002 0.6792210810185184
0 0.19614635416666668 0.7017462685185185 0.19590416666666666 0.7026128726851851 0.19566250000000002 0.7195065300925926 0.20557864583333332 0.7203731342592592 0.20582031250000002 0.702180037037037 0.19614635416666668 0.7017462685185185
0 0.20969010416666667 0.6696912314814815 0.19953229166666667 0.6640606342592592 0.19711354166666664 0.665360074074074 0.1978390625 0.6705578356481482 0.20969010416666667 0.6696912314814815
0 0.21960625 0.6787882453703703 0.21476927083333333 0.6783554097222222 0.21404374999999998 0.6961156712962963 0.21912239583333334 0.6961156712962963 0.21960625 0.6787882453703703
0 0.21622031249999998 0.7177742546296296 0.21863906249999998 0.7203731342592592 0.21863906249999998 0.7043460810185186 0.2171875 0.7052117546296296 0.21622031249999998 0.7121427245370371 0.21622031249999998 0.7177742546296296
0 0.2529828125 0.7221063425925927 0.2534661458333333 0.7186408587962964 0.24983854166666666 0.7078115671296297 0.22541093750000002 0.7065121273148148 0.223234375 0.7091110069444445 0.22347604166666668 0.7199402986111111 0.2529828125 0.7221063425925927
0 0.2505640625 0.6809542916666667 0.22347604166666668 0.6787882453703703 0.222025 0.6961156712962963 0.25008020833333333 0.6982817152777777 0.2505640625 0.6809542916666667
0 0.21476927083333333 0.6696912314814815 0.21355989583333332 0.6718572754629629 0.2505640625 0.673590486111111 0.25008020833333333 0.6627611944444445 0.23750364583333333 0.6601613796296296 0.21573645833333333 0.6579962685185186 0.21476927083333333 0.6696912314814815
0 0.2754755208333333 0.6774888055555556 0.2747494791666667 0.6787882453703703 0.27233124999999997 0.6787882453703703 0.27233124999999997 0.6831203356481481 0.29700052083333334 0.6839869398148147 0.29772604166666666 0.6826865671296296 0.2754755208333333 0.6774888055555556
0 0.3083677083333334 0.6753227615740741 0.2786192708333333 0.6679589560185185 0.2754755208333333 0.6688255601851851 0.2747494791666667 0.6744561574074075 0.3064328125 0.6826865671296296 0.3083677083333334 0.6753227615740741