0 0.690590625 0.6947145532407407 0.6947510416666667 0.7309794768518519 0.7016848958333334 0.6763339560185185 0.6916802083333334 0.6771828356481481 0.690590625 0.682294775462963 0.6922546875000001 0.6887537314814814 0.690590625 0.6947145532407407
0 0.7141656249999999 0.5844291041666667 0.7050130208333334 0.5844291041666667 0.7047354166666666 0.6221847013888889 0.7083411458333333 0.6256623124999999 0.7141656249999999 0.5844291041666667
0 0.6994661458333333 0.5844291041666667 0.690015625 0.5847546643518519 0.6889265625 0.6082751875 0.6994661458333333 0.6172173518518519 0.6994661458333333 0.5844291041666667
0 0.7005755208333333 0.5675391782407407 0.6975244791666667 0.5640615671296296 0.6918885416666667 0.5646296643518519 0.6908682291666667 0.5794617546296297 0.7002979166666667 0.5784682847222222 0.7005755208333333 0.5675391782407407
0 0.7060385416666667 0.5705923518518519 0.7055677083333334 0.5784682847222222 0.7136109374999999 0.5759841412037038 0.7060385416666667 0.5705923518518519
0 0.6986338541666667 0.5551194027777777 0.7011302083333334 0.5556166041666667 0.7022395833333334 0.4979897384259259 0.6966744791666666 0.49903544675925926 0.6922546875000001 0.5600876874999999 0.6966921875 0.5600876874999999 0.6986338541666667 0.5551194027777777
0 0.7224859375 0.5104095138888889 0.7205442708333334 0.5143833958333334 0.716384375 0.516867537037037 0.7130562500000001 0.5153768657407407 0.7100052083333332 0.5104095138888889 0.7081192708333334 0.5113339560185185 0.7069541666666667 0.5640615671296296 0.715275 0.5695261203703703 0.7224859375 0.5104095138888889
0 0.6979578124999999 0.49018003703703705 0.6981072916666667 0.49454011111111107 0.7019036458333333 0.49410634259259256 0.7019036458333333 0.49214365740740745 0.7005885416666666 0.4897882453703704 0.6979578124999999 0.49018003703703705
0 0.7165895833333334 0.5109888055555556 0.7198776041666667 0.5058852615740741 0.7225078125000001 0.5011735069444444 0.723384375 0.49606996296296296 0.7102765624999999 0.49836940277777775 0.7113286458333333 0.5035289189814814 0.7139593750000001 0.5090261203703703 0.7165895833333334 0.5109888055555556
0 0.7060682291666667 0.480364738425926 0.7078218749999999 0.48389832175925923 0.7082598958333334 0.4909654861111111 0.7082598958333334 0.4937136203703704 0.723384375 0.4909654861111111 0.7246994791666667 0.4886100740740741 0.7253572916666667 0.4768320902777778 0.6987651041666667 0.4712714560185185 0.6979578124999999 0.4835065300925926 0.7036572916666666 0.48389832175925923 0.7043145833333333 0.480364738425926 0.7060682291666667 0.480364738425926
0 0.6346104166666667 0.4532751875 0.6183901041666666 0.4532751875 0.6039229166666666 0.45248973842592594 0.594059375 0.4520970138888889 0.5824421875 0.45052705324074077 0.5767427083333333 0.4520970138888889 0.5767427083333333 0.4489561574074074 0.5745510416666667 0.4469934699074074 0.5754276041666666 0.44542257407407404 0.56161875 0.44502985185185184 0.5611802083333333 0.4587714560185185 0.56161875 0.4725130601851852 0.5635911458333334 0.47408302314814815 0.5666598958333333 0.47447574537037035 0.5677557291666667 0.47722387962962964 0.5708244791666667 0.47722387962962964 0.5703864583333333 0.4811501875 0.5745510416666667 0.4811501875 0.5743317708333333 0.48507649305555556 0.5699479166666667 0.48546921527777775 0.5701671875000001 0.4909654861111111 0.5887994791666666 0.48939552314814816 0.5931833333333333 0.48743190277777776 0.5980052083333334 0.48507649305555556 0.6017317708333333 0.48232835879629626 0.6017317708333333 0.4799729467592592 0.6028276041666666 0.478794775462963 0.60458125 0.4811501875 0.6131296875 0.4815429097222222 0.6190479166666667 0.4815429097222222 0.62628125 0.4811501875 0.6319807291666666 0.480364738425926 0.6359260416666667 0.4799729467592592 0.6383369791666667 0.4776166041666667 0.6414057291666666 0.4780093287037037 0.6418442708333333 0.4890027986111111 0.6692437499999999 0.4886100740740741 0.670996875 0.4862546643518519 0.6727505208333333 0.4870391782407407 0.674065625 0.4689794768518518 0.6668322916666667 0.4681940300925926 0.6668322916666667 0.46544589583333335 0.6679286458333332 0.46466044675925927 0.6679286458333332 0.4626977615740741 0.6703395833333333 0.46191231250000003 0.6712161458333333 0.4575932847222222 0.6613520833333333 0.45602332175925925 0.649515625 0.4552378726851852 0.6346104166666667 0.4532751875
0 0.658721875 0.5439682847222223 0.658721875 0.5471091412037037 0.6591598958333333 0.549072761574074 0.6611328125 0.550642724537037 0.66354375 0.5526054097222223 0.6663932291666667 0.5553544768518519 0.6679276041666667 0.5541763055555555 0.6685854166666666 0.5459319027777778 0.6688046875 0.49606996296296296 0.6584833333333334 0.49601306018518515 0.6571874999999999 0.5412201481481481 0.6585026041666666 0.5412201481481481 0.658721875 0.5439682847222223
0 0.643378125 0.5443610069444444 0.6462276041666667 0.5463236944444444 0.6488578125000001 0.5478945902777778 0.6536802083333334 0.5463236944444444 0.6532416666666667 0.5384720138888889 0.65411875 0.5204113796296296 0.6550302083333334 0.49601306018518515 0.6422822916666667 0.49606996296296296 0.64184375 0.5431828356481482 0.643378125 0.5443610069444444
0 0.6631057291666667 0.5796958958333334 0.6663932291666667 0.5785186574074074 0.6677088541666666 0.5592798518518518 0.6650781250000001 0.5584953356481481 0.662009375 0.5565317152777778 0.6582833333333333 0.5494645532407407 0.6563458333333334 0.5502089560185185 0.655653125 0.5789104467592593 0.658721875 0.5804813425925927 0.6631057291666667 0.5796958958333334
0 0.6422822916666667 0.566739738425926 0.6523651041666667 0.576555037037037 0.6528031249999999 0.550642724537037 0.6525630208333333 0.5505037314814815 0.6471041666666666 0.5518208958333334 0.6435973958333333 0.5494645532407407 0.6422822916666667 0.5478945902777778 0.6422822916666667 0.566739738425926
0 0.6486385416666667 0.5950083958333333 0.6506114583333333 0.5899039189814815 0.6477619791666667 0.5863703356481481 0.6425317708333333 0.5864375000000001 0.6425010416666667 0.5914748125 0.6492963541666666 0.5981492546296296 0.6486385416666667 0.5950083958333333
0 0.6639822916666667 0.6071791041666666 0.6597989583333332 0.6017546643518519 0.658721875 0.6083572754629629 0.66354375 0.6107126875 0.6639822916666667 0.6071791041666666
0 0.6300072916666666 0.5408274259259259 0.6350484375000001 0.5400419768518518 0.6357062499999999 0.5208041041666667 0.6363640625 0.49606996296296296 0.6275661458333333 0.49601306018518515 0.6267192708333333 0.548680037037037 0.6300072916666666 0.5467164189814815 0.6300072916666666 0.5408274259259259
0 0.636965625 0.5745354467592593 0.6330572916666667 0.5699785439814815 0.6331682291666667 0.5799766782407407 0.6367125 0.5802033587962963 0.636965625 0.5745354467592593
0 0.6294973958333334 0.5684141782407407 0.6267890625 0.5624944027777777 0.627471875 0.5690942152777778 0.6291177083333332 0.5722686574074074 0.6294973958333334 0.5684141782407407
0 0.6340541666666667 0.5493694027777778 0.6332947916666667 0.5520895532407407 0.6332947916666667 0.554357275462963 0.6348135416666666 0.554357275462963 0.6349401041666667 0.5432481342592592 0.6327723958333332 0.5429337685185186 0.6322822916666667 0.547555037037037 0.6341807291666667 0.547555037037037 0.6340541666666667 0.5493694027777778
0 0.6126052083333333 0.49547108101851856 0.6127510416666667 0.5045988796296297 0.618234375 0.4952360069444445 0.6126052083333333 0.49547108101851856
0 0.6115859375 0.49547108101851856 0.61015 0.49543190277777777 0.6101302083333334 0.5098152986111111 0.6111494791666666 0.5077294768518519 0.6115859375 0.49547108101851856
0 0.6158088541666666 0.5361576481481481 0.6184296875 0.5390270532407407 0.6193036458333333 0.49729664120370365 0.6124442708333333 0.5103022384259259 0.6120229166666666 0.5322453356481481 0.6140614583333333 0.5306809699074074 0.6158088541666666 0.5361576481481481
0 0.610896875 0.5148861944444444 0.6101098958333333 0.5164524259259259 0.6097598958333333 0.531489738425926 0.610459375 0.5319598888888889 0.610896875 0.5148861944444444
0 0.6071364583333334 0.4957761203703704 0.6066119791666666 0.4964020532407407 0.6065244791666666 0.5181753726851852 0.6074864583333333 0.5166091412037037 0.6071364583333334 0.4957761203703704
0 0.6010015625 0.49508302314814817 0.5972546875 0.4956194027777778 0.5970796875 0.5330559699074074 0.6011020833333334 0.521777986111111 0.6010015625 0.49508302314814817
0 0.5945437499999999 0.5332126875 0.5948932291666666 0.4956194027777778 0.5901755208333334 0.4955531712962963 0.5881593749999999 0.49624533564814816 0.5881593749999999 0.5330559699074074 0.5945437499999999 0.5332126875
0 0.5809244791666667 0.4944953356481481 0.58069375 0.49761473842592596 0.5865526041666667 0.4943255601851852 0.5809244791666667 0.4944953356481481
0 0.585853125 0.49871082175925924 0.5845989583333333 0.49978358101851855 0.5841916666666667 0.5297257453703703 0.585940625 0.5295690300925926 0.585853125 0.49871082175925924
0 0.5832296875 0.5004337685185185 0.5805963541666667 0.5027210810185185 0.5803437499999999 0.5284729467592593 0.5825302083333334 0.5308218287037038 0.5832296875 0.5004337685185185
0 0.5787697916666666 0.4943255601851852 0.5758067708333333 0.4940251875 0.5757088541666666 0.5013740671296296 0.5787697916666666 0.498867537037037 0.5787697916666666 0.4943255601851852
0 0.5785072916666667 0.5032537314814814 0.5756098958333333 0.5055419768518519 0.5751838541666666 0.5193871273148148 0.5781572916666666 0.5234598888888888 0.5785072916666667 0.5032537314814814
0 0.5731729166666667 0.49479477546296297 0.5721984375 0.4944953356481481 0.5722109375 0.5038805972222222 0.5729104166666666 0.5038805972222222 0.5731729166666667 0.49479477546296297
0 0.5728229166666666 0.5074832083333333 0.5719359375 0.5078917916666666 0.5719484375 0.5165680972222222 0.5728229166666666 0.5173507453703704 0.5728229166666666 0.5074832083333333
0 0.5707239583333333 0.5043498125 0.5708989583333334 0.494482275462963 0.5699533958333333 0.49404894212962963 0.5702869791666667 0.5043498125 0.5707239583333333 0.5043498125
0 0.5709864583333333 0.5084225740740741 0.5701640625000001 0.5083619398148148 0.5700244791666667 0.5135914189814814 0.5708114583333334 0.5148451481481482 0.5709864583333333 0.5084225740740741
0 0.5681880208333333 0.4940121273148148 0.5667526041666666 0.49414272453703706 0.5664390625 0.5063861944444444 0.5682755208333333 0.5056035439814814 0.5681880208333333 0.4940121273148148
0 0.5626786458333334 0.5015307847222222 0.5616291666666666 0.5016875000000001 0.5614541666666667 0.5034104467592593 0.5646901041666667 0.505760261574074 0.5646901041666667 0.4946380601851852 0.5627741782407407 0.49404232870370374 0.5628536458333333 0.4958917916666667 0.5617166666666666 0.4968311574074074 0.5617166666666666 0.4991809699074074 0.5623286458333333 0.4973013055555555 0.563115625 0.49714459027777774 0.5626786458333334 0.5015307847222222
0 0.5653020833333333 0.4905662314814815 0.5671385416666667 0.4905662314814815 0.5676635416666667 0.48931250000000004 0.5667015625 0.4879029861111111 0.5659140625 0.4857098888888889 0.5640776041666666 0.4857098888888889 0.563290625 0.48758955324074077 0.5624161458333333 0.48586660416666666 0.5613666666666667 0.4857098888888889 0.5616291666666666 0.492132462962963 0.563203125 0.49072294675925926 0.5653020833333333 0.4905662314814815