0 0.7338541666666666 0.8358208958333334 0.7322916666666667 0.8348880601851852 0.7348958333333334 0.8376865671296296 0.7354166666666666 0.847947761574074 0.7317708333333334 0.8554104467592593 0.734375 0.8619402986111111 0.7328125 0.8656716412037037 0.7328125 0.8871268657407407 0.734375 0.8917910439814816 0.7385416666666667 0.8936567152777778 0.7380208333333333 0.8973880601851852 0.734375 0.9011194027777778 0.7364583333333333 0.8992537314814816 0.7359375 0.9039179097222223 0.7395833333333334 0.9132462685185184 0.746875 0.9179104467592593 0.7442708333333333 0.9216417916666666 0.7489583333333334 0.9253731342592593 0.7479166666666667 0.9281716412037037 0.7515625 0.9384328356481482 0.7588541666666666 0.9458955231481482 0.7619791666666667 0.9533582083333334 0.7609375 0.9561567152777778 0.7640625 0.9589552245370371 0.7692708333333333 0.9757462685185184 0.7723958333333334 0.9720149259259259 0.7734375 0.9738805972222222 0.7723958333333334 0.9813432847222222 0.78125 0.9897388055555555 0.7802083333333334 0.9944029861111111 0.796875 0.9962686574074074 0.7994791666666666 0.9990671643518518 0.8411458333333334 0.9990671643518518 0.853125 0.9953358217592593 0.8729166666666667 0.9972014930555555 0.8828125 0.9953358217592593 0.8833333333333334 0.9897388055555555 0.8869791666666667 0.9944029861111111 0.8885416666666667 0.9916044768518518 0.8979166666666666 0.9944029861111111 0.8947916666666667 0.9888059699074074 0.896875 0.9841417916666666 0.8942708333333333 0.9841417916666666 0.8958333333333334 0.9766791041666666 0.8921875 0.9720149259259259 0.8901041666666666 0.9617537314814816 0.8776041666666666 0.9561567152777778 0.8755208333333334 0.9533582083333334 0.8765625 0.9458955231481482 0.8739583333333334 0.9421641782407407 0.8625 0.9328358217592593 0.8588541666666666 0.9328358217592593 0.8604166666666666 0.9281716412037037 0.8494791666666667 0.9076492546296295 0.8421875 0.9048507453703705 0.8416666666666667 0.9011194027777778 0.8348958333333334 0.8973880601851852 0.8348958333333334 0.8908582083333334 0.83125 0.8927238796296296 0.8286458333333334 0.8899253726851852 0.8296875 0.8871268657407407 0.8276041666666666 0.8843283587962963 0.8244791666666667 0.8852611944444445 0.8234375 0.8824626875 0.825 0.8787313425925926 0.8125 0.8591417916666666 0.8072916666666666 0.8526119398148148 0.8 0.8498134328703704 0.8005208333333333 0.8451492546296295 0.7989583333333333 0.847947761574074 0.7953125 0.8432835810185184 0.7947916666666667 0.8376865671296296 0.7822916666666666 0.8292910439814816 0.7807291666666666 0.8199626875 0.7723958333333334 0.8106343287037037 0.7703125 0.8041044768518518 0.7651041666666666 0.7975746273148148 0.759375 0.7938432847222222 0.7583333333333334 0.7891791041666666 0.753125 0.7873134328703704 0.7520833333333333 0.7817164189814816 0.746875 0.7798507453703705 0.7442708333333333 0.7733208958333334 0.7385416666666667 0.7742537314814816 0.7348958333333334 0.7826492546296295 0.7328125 0.7975746273148148 0.7322916666666667 0.8227611944444445 0.7307291666666667 0.8274253726851852 0.7348958333333334 0.8302238796296296 0.7338541666666666 0.8358208958333334
0 0.7348958333333334 0.7238805972222222 0.7375 0.7313432847222222 0.8729166666666667 0.8936567152777778 0.890625 0.910447761574074 0.89375 0.9179104467592593 0.9036458333333334 0.9253731342592593 0.9083333333333333 0.9337686574074074 0.9177083333333333 0.9412313425925926 0.9192708333333334 0.9458955231481482 0.9291666666666666 0.9552238796296296 0.9354166666666667 0.9654850740740741 0.9625 0.9953358217592593 0.9671875 0.9990671643518518 0.9994791666666666 0.9990671643518518 0.9994791666666666 0.5914179097222222 0.990625 0.5932835810185184 0.8973958333333334 0.5764925370370371 0.8557291666666667 0.5643656712962963 0.8416666666666667 0.5559701481481482 0.8265625 0.5569029861111111 0.8072916666666666 0.5513059699074074 0.8036458333333334 0.5475746273148148 0.7859375 0.5475746273148148 0.7755208333333333 0.5429104467592593 0.759375 0.5419776111111111 0.7484375 0.535447761574074 0.74375 0.535447761574074 0.7411458333333334 0.5447761203703704 0.7411458333333334 0.6231343287037037 0.7390625 0.6259328356481482 0.7380208333333333 0.7061567152777778 0.7348958333333334 0.7238805972222222
0 0.7252359374999999 0.9171231342592593 0.71754375 0.9990671643518518 0.7647942708333333 0.9990671643518518 0.7252359374999999 0.9171231342592593
0 0.6388161458333333 0.5130055972222222 0.6288770833333333 0.5097686574074074 0.6228531249999999 0.6009337685185185 0.6282744791666667 0.6063283587962963 0.6388161458333333 0.5130055972222222
0 0.6050833333333334 0.5108479467592593 0.5888192708333333 0.5054533587962963 0.5885177083333334 0.5599365671296296 0.6005651041666666 0.5728833958333334 0.6050833333333334 0.5108479467592593
0 0.62676875 0.6171175370370371 0.6225520833333333 0.6128013055555556 0.6174317708333333 0.6710606342592592 0.6198411458333333 0.6737583958333333 0.62676875 0.6171175370370371
0 0.5996619791666666 0.583132462962963 0.5966499999999999 0.5777378726851852 0.5954453125 0.6246688425925926 0.5966499999999999 0.6246688425925926 0.5996619791666666 0.583132462962963
0 0.590325 0.575580224537037 0.5924333333333333 0.5718041041666667 0.5879156249999999 0.5691072754629629 0.5873130208333334 0.6101044768518519 0.5900239583333333 0.614419775462963 0.590325 0.575580224537037
0 0.5897223958333333 0.618735074074074 0.5876145833333334 0.6176567152777778 0.5858072916666667 0.6527201481481482 0.5885177083333334 0.6581147384259259 0.5897223958333333 0.618735074074074
0 0.5947677083333333 0.6286828356481481 0.5936239583333334 0.6673787314814815 0.5960385416666667 0.6302761203703704 0.5947677083333333 0.6286828356481481
0 0.6169828125000001 0.6780457083333333 0.6134635416666667 0.7254589560185186 0.61943125 0.6810606342592592 0.6169828125000001 0.6780457083333333