0 0.64375 0.5335820902777778 0.6453125 0.5382462685185185 0.6453125 0.5578358217592593 0.6484375 0.5606343287037037 0.6447916666666667 0.5708955231481482 0.6447916666666667 0.6054104467592593 0.6494791666666666 0.6156716412037037 0.69375 0.6669776111111111 0.71875 0.6921641782407407 0.78125 0.7658582083333334 0.7911458333333333 0.7742537314814816 0.8729166666666667 0.8666044768518518 0.8901041666666666 0.8824626875 0.9067708333333334 0.9039179097222223 0.9145833333333334 0.910447761574074 0.9182291666666667 0.910447761574074 0.9213541666666666 0.9188432847222222 0.9739583333333334 0.9748134328703704 0.9776041666666666 0.9813432847222222 0.9890625 0.9925373125 0.9994791666666666 0.9925373125 0.9994791666666666 0.5708955231481482 0.9708333333333333 0.5671641782407407 0.9692708333333334 0.5634328356481482 0.9635416666666666 0.5615671643518518 0.95625 0.5671641782407407 0.9494791666666667 0.5643656712962963 0.9479166666666666 0.5597014930555555 0.9369791666666666 0.5606343287037037 0.9151041666666666 0.5531716412037037 0.9 0.5531716412037037 0.8973958333333334 0.5494402986111111 0.89375 0.5522388055555555 0.8692708333333333 0.5447761203703704 0.8234375 0.5401119398148149 0.7796875 0.527052238425926 0.7760416666666666 0.5298507453703704 0.7734375 0.5261194027777778 0.7666666666666666 0.5242537314814815 0.7276041666666666 0.5195895532407407 0.7067708333333333 0.5111940300925926 0.6994791666666667 0.5111940300925926 0.696875 0.5093283587962963 0.6958333333333334 0.5009328356481482 0.6958333333333334 0.5074626875 0.69375 0.5102611944444445 0.6880208333333334 0.5065298518518518 0.6859375 0.5111940300925926 0.6854166666666667 0.5065298518518518 0.6817708333333333 0.5121268657407407 0.6765625 0.5139925370370371 0.6635416666666666 0.5093283587962963 0.6604166666666667 0.5046641782407407 0.6625 0.5009328356481482 0.65625 0.49720149305555555 0.6395833333333334 0.4962686574074074 0.6369791666666667 0.5065298518518518 0.6348958333333333 0.5046641782407407 0.6354166666666666 0.49720149305555555 0.6338541666666666 0.5018656712962963 0.63125 0.4962686574074074 0.6276041666666666 0.4981343287037037 0.6286458333333333 0.5046641782407407 0.6416666666666666 0.5111940300925926 0.6447916666666667 0.5223880601851851 0.64375 0.5335820902777778
0 0.6980937500000001 0.7014207083333334 0.7002635416666666 0.6975354467592593 0.6519880208333333 0.6382742546296297 0.6498182291666666 0.721822761574074 0.6937541666666667 0.8121716412037038 0.6980937500000001 0.7014207083333334
0 0.6275791666666666 0.6295307847222221 0.6302911458333333 0.6392453356481481 0.6259520833333333 0.6421595138888889 0.625409375 0.6761623125 0.6395125 0.7062789189814814 0.6411395833333334 0.6275876875 0.6389697916666667 0.6207863796296296 0.6346307291666667 0.6246725740740741 0.628121875 0.6207863796296296 0.6275791666666666 0.6295307847222221
0 0.62920625 0.6985065300925926 0.625409375 0.6887919768518519 0.6237822916666667 0.7441669768518518 0.628121875 0.7567966412037037 0.62920625 0.6985065300925926
0 0.6368005208333334 0.7130792916666666 0.6335458333333334 0.7072499999999999 0.6308338541666666 0.7645680972222222 0.6340880208333333 0.7733115671296297 0.6368005208333334 0.7130792916666666
0 0.6584973958333333 0.7956567152777778 0.6655484375 0.8014850740740741 0.6693453125 0.8044001875 0.6731427083333332 0.8063432847222223 0.6763968749999999 0.8141147384259259 0.6785666666666667 0.8189720138888889 0.6785666666666667 0.8257723888888889 0.6785666666666667 0.8306305972222222 0.6736848958333334 0.8384020532407407 0.6720578125000001 0.8704617546296296 0.6883302083333334 0.9141791041666666 0.6926697916666666 0.8228582083333333 0.6492760416666667 0.7373666041666667 0.64710625 0.7956567152777778 0.6525307291666667 0.7956567152777778 0.6584973958333333 0.7956567152777778
0 0.7805416666666667 0.9986996273148149 0.7056875 0.8490886203703704 0.7013484375 0.9462388055555556 0.7214177083333333 0.9977276111111111 0.7805416666666667 0.9986996273148149
0 0.8729854166666667 0.9976613796296296 0.8801177083333334 0.9325130601851852 0.8858234375 0.9261259328703704 0.8886760416666667 0.9235708958333333 0.7125098958333334 0.7127975740740742 0.7075177083333334 0.8290419768518519 0.7916776041666667 0.9963833958333334 0.8729854166666667 0.9976613796296296
0 0.9050802083333332 0.9440093287037037 0.8972348958333334 0.9976613796296296 0.9507265625 0.9990671643518518 0.9050802083333332 0.9440093287037037
0 0.6297875 0.553375 0.6308270833333333 0.5165083958333333 0.6252130208333333 0.5183703356481482 0.6256291666666667 0.555610074074074 0.6266687499999999 0.5567266782407407 0.6297875 0.553375
0 0.6381041666666667 0.5597061574074074 0.6376880208333333 0.5284253726851852 0.6366484375 0.529169775462963 0.6351932291666667 0.528797574074074 0.6341536458333334 0.527680037037037 0.6347776041666667 0.5582164189814814 0.636440625 0.5608236944444445 0.6381041666666667 0.5597061574074074
0 0.6385197916666667 0.5999244398148148 0.6381041666666667 0.5656641782407408 0.6347776041666667 0.5660363796296296 0.6345692708333333 0.5988069027777777 0.6368567708333333 0.600669775462963 0.6385197916666667 0.5999244398148148
0 0.6262526041666667 0.5939664189814815 0.6283317708333334 0.5958283587962963 0.630203125 0.5950830231481482 0.6297875 0.5660363796296296 0.6247973958333333 0.5664095138888888 0.6247973958333333 0.5798152986111111 0.6262526041666667 0.5798152986111111 0.6262526041666667 0.5939664189814815
0 0.5719859375 0.5086884328703704 0.5798864583333333 0.5086884328703704 0.5809260416666666 0.4945373125 0.5771838541666666 0.4941651111111111 0.5765598958333333 0.4926753726851852 0.572609375 0.4919309699074074 0.5719859375 0.5086884328703704
0 0.560134375 0.5105503726851852 0.5609661458333334 0.4889514930555556 0.5476593750000001 0.48820709027777776 0.548075 0.5004953356481482 0.5576395833333333 0.5120401111111111 0.560134375 0.5105503726851852
0 0.548075 0.5124123125 0.5549364583333334 0.5127845138888889 0.548075 0.5045923518518518 0.548075 0.5124123125