0 0.7692708333333333 0.7695895532407407 0.7640625 0.7817164189814816 0.7635416666666667 0.8031716412037037 0.7598958333333333 0.8069029861111111 0.7598958333333333 0.8134328356481482 0.7625 0.8180970138888889 0.7838541666666666 0.8339552245370371 0.7885416666666666 0.8348880601851852 0.7958333333333334 0.8423507453703705 0.8036458333333334 0.8414179097222223 0.8052083333333334 0.8451492546296295 0.8208333333333334 0.8498134328703704 0.8234375 0.8544776111111111 0.8239583333333333 0.8684701481481482 0.828125 0.8684701481481482 0.8494791666666667 0.8899253726851852 0.8578125 0.8936567152777778 0.9114583333333334 0.9356343287037037 0.9182291666666667 0.9393656712962963 0.9213541666666666 0.9347014930555555 0.9260416666666667 0.9029850740740741 0.9276041666666667 0.8656716412037037 0.9302083333333334 0.8600746273148148 0.9317708333333333 0.8376865671296296 0.9307291666666666 0.8264925370370371 0.9322916666666666 0.8208955231481482 0.9291666666666666 0.8180970138888889 0.9286458333333334 0.8125 0.9265625 0.8106343287037037 0.9322916666666666 0.8031716412037037 0.9307291666666666 0.7994402986111111 0.9333333333333333 0.7929104467592593 0.9317708333333333 0.7863805972222222 0.9354166666666667 0.7695895532407407 0.9354166666666667 0.7518656712962963 0.9302083333333334 0.7490671643518518 0.9171875 0.7490671643518518 0.9145833333333334 0.7462686574074074 0.890625 0.7462686574074074 0.8552083333333333 0.7397388055555555 0.8270833333333334 0.7397388055555555 0.8203125 0.7388059699074074 0.8151041666666666 0.7341417916666666 0.7828125 0.7350746273148148 0.7802083333333334 0.7322761203703704 0.7744791666666666 0.7341417916666666 0.7692708333333333 0.7444029861111111 0.7677083333333333 0.7583955231481482 0.7703125 0.7621268657407407 0.76875 0.7649253726851852 0.7692708333333333 0.7695895532407407
0 0.9520833333333334 0.9561567152777778 0.9578125 0.9701492546296295 0.9697916666666666 0.9794776111111111 0.9791666666666666 0.9944029861111111 0.984375 0.9990671643518518 0.9994791666666666 0.9990671643518518 0.9994791666666666 0.75 0.9494791666666667 0.75 0.9484375 0.7546641782407407 0.9510416666666667 0.7611940300925926 0.9479166666666666 0.7677238796296296 0.9463541666666666 0.7994402986111111 0.9484375 0.8106343287037037 0.9442708333333334 0.8208955231481482 0.9453125 0.8404850740740741 0.9427083333333334 0.8488805972222222 0.9447916666666666 0.8526119398148148 0.9421875 0.8610074629629629 0.9401041666666666 0.8936567152777778 0.9390625 0.9421641782407407 0.940625 0.9458955231481482 0.9442708333333334 0.9514925370370371 0.9520833333333334 0.9561567152777778
0 0.8177083333333334 0.9953358217592593 0.8223958333333333 0.9990671643518518 0.8989583333333334 0.9990671643518518 0.8994791666666666 0.9934701481481482 0.896875 0.9906716412037037 0.8973958333333334 0.9860074629629629 0.8921875 0.9794776111111111 0.890625 0.972947761574074 0.8682291666666666 0.9440298518518518 0.8645833333333334 0.9421641782407407 0.8619791666666666 0.9347014930555555 0.8348958333333334 0.9113805972222222 0.8244791666666667 0.9057835810185184 0.8213541666666666 0.9076492546296295 0.8234375 0.9197761203703704 0.8213541666666666 0.9561567152777778 0.8182291666666667 0.9664179097222223 0.8177083333333334 0.9953358217592593
0 0.7708947916666666 0.8578423518518519 0.768696875 0.8565298518518518 0.768696875 0.8534673518518519 0.7524828124999999 0.8436847013888888 0.7518468749999999 0.865715486111111 0.7906755208333333 0.8744636203703704 0.7743140625 0.8578423518518519 0.7708947916666666 0.8578423518518519
0 0.8033744791666666 0.8867108217592593 0.7948270833333333 0.8792751875 0.7513833333333333 0.8709216412037037 0.7498932291666667 0.8963339560185185 0.80044375 0.9081445902777778 0.7999557291666667 0.8963339560185185 0.8033744791666666 0.8867108217592593
0 0.7992229166666667 0.9120811574074075 0.7494046875 0.8998339560185186 0.748428125 0.9085820902777777 0.798734375 0.9199542916666666 0.7992229166666667 0.9120811574074075
0 0.7417447916666666 0.9051819027777778 0.7456312500000001 0.9049570902777778 0.7462578125 0.8993432847222222 0.7427473958333333 0.8977714560185185 0.7417447916666666 0.9051819027777778
0 0.7349848958333334 0.8959001875 0.7289567708333334 0.8946277986111112 0.7267005208333333 0.9015886203703704 0.7312135416666666 0.9024869398148148 0.7349848958333334 0.8959001875
0 0.7436385416666667 0.8945531712962963 0.746759375 0.8950764930555556 0.7490161458333333 0.8694776111111111 0.7476369791666667 0.869252798611111 0.7436385416666667 0.8945531712962963
0 0.7394880208333333 0.8856455231481482 0.7398640625 0.8766632453703704 0.7399895833333333 0.8681296643518519 0.7388416666666666 0.867430037037037 0.7295838541666667 0.8917080231481482 0.7378583333333333 0.8932798518518519 0.7394880208333333 0.8856455231481482
0 0.7497682291666666 0.8656595138888888 0.7497682291666666 0.8542070902777779 0.7483416666666666 0.8655764930555555 0.7497682291666666 0.8656595138888888
0 0.7672296875 0.7372863796296296 0.769615625 0.7397798518518519 0.7741880208333334 0.731944962962963 0.7630838541666667 0.7309104467592592 0.7622598958333333 0.740135261574074 0.7634526041666667 0.7365746273148148 0.7672296875 0.7372863796296296
0 0.3901041666666667 0.7070895532407407 0.4020833333333333 0.7052238796296296 0.4026041666666667 0.6800373125 0.4010416666666667 0.6716417916666666 0.4020833333333333 0.6679104467592593 0.4005208333333333 0.6651119398148148 0.37604166666666666 0.660447761574074 0.36614583333333334 0.6529850740740741 0.3640625 0.6688432847222222 0.3635416666666667 0.6856343287037037 0.3651041666666667 0.6986940300925926 0.38385416666666666 0.7024253726851852 0.3901041666666667 0.7070895532407407
0 0.4390625 0.6902985069444445 0.45 0.6912313425925926 0.4489583333333333 0.6595149259259259 0.4411458333333333 0.6660447754629629 0.4234375 0.6595149259259259 0.4145833333333333 0.6613805972222222 0.4114583333333333 0.6557835810185184 0.4088541666666667 0.6557835810185184 0.4104166666666667 0.6763059699074074 0.4182291666666667 0.7005597013888889 0.4390625 0.6902985069444445
0 0.38890468749999996 0.6561688425925927 0.3878010416666666 0.6462835810185185 0.37418854166666665 0.642 0.3636703125 0.6392378726851852 0.3631510416666667 0.6482611944444444 0.3865135416666667 0.6561688425925927 0.38890468749999996 0.6561688425925927
0 0.40086197916666666 0.6518852615740741 0.39295208333333337 0.648919775462963 0.3925838541666667 0.6558395532407407 0.40086197916666666 0.6555093287037037 0.40086197916666666 0.6518852615740741
0 0.24171041666666665 0.6538367546296295 0.23500520833333333 0.6506763055555557 0.23500520833333333 0.6576296643518519 0.241534375 0.6601585810185185 0.24171041666666665 0.6538367546296295
0 0.25776822916666664 0.6623703356481481 0.25176875 0.6588936574074075 0.24915833333333332 0.6594216412037037 0.249475 0.6655317152777778 0.25741562500000004 0.6655317152777778 0.25776822916666664 0.6623703356481481
0 0.21594791666666668 0.6462518657407408 0.21659010416666666 0.6411632453703704 0.21135989583333334 0.6374020532407407 0.20924218749999998 0.6383498125 0.20941875000000001 0.6421427245370371 0.21594791666666668 0.6462518657407408
0 0.20917656250000002 0.6259878726851852 0.2095953125 0.631080224537037 0.21594791666666668 0.6320289189814815 0.21541822916666667 0.6298162314814815 0.20917656250000002 0.6259878726851852
0 0.20518385416666668 0.6313964560185185 0.20677187500000002 0.6307639930555555 0.20677187500000002 0.6234953356481482 0.2022921875 0.6233796643518518 0.20236041666666668 0.6282360069444445 0.20500729166666665 0.628867537037037 0.20518385416666668 0.6313964560185185
0 0.23129947916666665 0.5691315300925927 0.23129947916666665 0.5681837685185185 0.20639635416666666 0.5655233217592592 0.2065953125 0.5681837685185185 0.21012447916666666 0.5694477615740741 0.21788906249999998 0.5688162314814815 0.23129947916666665 0.5691315300925927
0 0.19937395833333332 0.5687901111111111 0.2002109375 0.5657919768518519 0.19993177083333333 0.5637938425925926 0.19387916666666666 0.5633143657407408 0.19365624999999997 0.5700391782407407 0.19951354166666668 0.5705382453703703 0.19937395833333332 0.5687901111111111
0 0.18510052083333334 0.6146819027777778 0.1845125 0.6094188425925926 0.18230885416666667 0.6094188425925926 0.18010572916666664 0.6062611944444444 0.1789302083333333 0.6025774259259259 0.17491614583333334 0.6028759328703704 0.1748171875 0.6196809699074074 0.18480624999999998 0.6199440300925927 0.18510052083333334 0.6146819027777778
0 0.17290729166666666 0.6196809699074074 0.17337291666666665 0.6028759328703704 0.15674739583333336 0.6028404861111112 0.15968593749999999 0.6109981342592592 0.16100781249999999 0.6194179097222222 0.17290729166666666 0.6196809699074074
0 0.15586614583333333 0.608892724537037 0.15309270833333333 0.6032705231481481 0.153075 0.6196809699074074 0.15851041666666668 0.6207341412037037 0.15792291666666666 0.6152080231481482 0.15586614583333333 0.608892724537037
0 0.16526822916666667 0.5946837685185186 0.17320104166666667 0.5938945902777777 0.17231979166666667 0.5883684699074074 0.17202552083333333 0.5815270532407407 0.17158489583333333 0.5762649259259259 0.15188020833333335 0.5760289189814815 0.1524875 0.5817901111111111 0.15513177083333332 0.5938945902777777 0.16526822916666667 0.5946837685185186
0 0.17540468750000002 0.5941576481481482 0.17760833333333334 0.5944207083333333 0.1773140625 0.5770541041666667 0.174034375 0.5764235069444444 0.17437604166666668 0.5810009328703704 0.1748171875 0.584947761574074 0.17540468750000002 0.5941576481481482
0 0.1770203125 0.5610027986111111 0.1730421875 0.5606315300925926 0.17320104166666667 0.5702126875 0.1773140625 0.5707388055555556 0.1770203125 0.5610027986111111
0 0.153809375 0.5594244398148148 0.15395625000000002 0.5631082083333333 0.15395625000000002 0.5660027986111111 0.15219375 0.5667919768518518 0.15263437500000002 0.5699496273148148 0.1605671875 0.5704757453703704 0.17085052083333332 0.5704757453703704 0.17085052083333332 0.5596875 0.16761874999999998 0.5596875 0.1615953125 0.5594244398148148 0.153809375 0.5594244398148148
0 0.14705208333333333 0.5596875 0.14308541666666666 0.5588983217592592 0.14264479166666666 0.5641604467592592 0.14207083333333334 0.5651716412037037 0.14220416666666666 0.5702126875 0.14808020833333332 0.5699496273148148 0.14719895833333332 0.5646865671296296 0.14705208333333333 0.5596875
0 0.138103125 0.5651716412037037 0.12442864583333334 0.5646865671296296 0.12442864583333334 0.5683703356481482 0.1382375 0.5686343287037037 0.138103125 0.5651716412037037
0 0.138090625 0.5749486944444444 0.12486927083333334 0.5752117546296296 0.12472239583333333 0.5944207083333333 0.138825 0.5944207083333333 0.138090625 0.5749486944444444
0 0.14969635416666666 0.5907369398148149 0.14705208333333333 0.5902108217592593 0.14763958333333332 0.5860009328703704 0.14969635416666666 0.5862639930555555 0.14984322916666667 0.5781063425925926 0.14763958333333332 0.5760018657407407 0.14218125 0.5756343287037037 0.14235104166666665 0.5949468287037036 0.14984322916666667 0.5954729467592592 0.14969635416666666 0.5907369398148149
0 0.14426041666666667 0.6165233217592593 0.1464640625 0.6173134328703703 0.1458765625 0.6117873125000001 0.1464640625 0.6052089560185185 0.14763958333333332 0.6052089560185185 0.14749270833333333 0.6102089560185185 0.14763958333333332 0.6175764930555556 0.14969635416666666 0.6194179097222222 0.15013697916666666 0.6023143657407408 0.14229114583333333 0.6028759328703704 0.14308541666666666 0.6073143657407407 0.14426041666666667 0.6125764930555555 0.14426041666666667 0.6165233217592593
0 0.13471197916666666 0.6028404861111112 0.12457552083333334 0.6025774259259259 0.12486927083333334 0.6209972013888888 0.13559322916666666 0.6204710810185184 0.13471197916666666 0.6028404861111112