0 0.846875 0.5550373125 0.8505208333333334 0.5018656712962963 0.8489583333333334 0.47388059722222226 0.803125 0.4645522384259259 0.8020833333333334 0.46641790972222225 0.8036458333333334 0.47481343287037037 0.8114583333333334 0.4766791041666667 0.8067708333333333 0.4804104467592593 0.7989583333333333 0.4776119398148148 0.7963541666666666 0.4729477615740741 0.7958333333333334 0.47014925462962964 0.7984375 0.46641790972222225 0.796875 0.4608208958333333 0.7640625 0.4496268657407408 0.7338541666666666 0.44402985185185184 0.7286458333333333 0.44029850694444445 0.7260416666666666 0.44029850694444445 0.7239583333333334 0.4552238796296296 0.7234375 0.5186567152777778 0.8442708333333334 0.5569029861111111 0.846875 0.5550373125
0 0.7390625 0.6511194027777778 0.7369791666666666 0.6548507453703705 0.7375 0.6930970138888889 0.7619791666666667 0.7220149259259259 0.7671875 0.7238805972222222 0.7744791666666666 0.7378731342592593 0.7854166666666667 0.7453358217592593 0.7880208333333334 0.7444029861111111 0.7932291666666667 0.7285447754629629 0.7947916666666667 0.714552238425926 0.79375 0.6977611944444445 0.7973958333333334 0.6875 0.7984375 0.6623134328703704 0.7723958333333334 0.6501865671296296 0.7515625 0.6296641782407407 0.7479166666666667 0.6287313425925926 0.7447916666666666 0.6203358217592593 0.7416666666666666 0.6184701481481482 0.7411458333333334 0.6175373125 0.7395833333333334 0.6194029861111111 0.740625 0.6231343287037037 0.7390625 0.6287313425925926 0.7390625 0.6511194027777778
0 0.7442708333333333 0.6091417916666666 0.7619791666666667 0.6305970138888889 0.7744791666666666 0.6408582083333334 0.7890625 0.6483208958333334 0.7958333333333334 0.6548507453703705 0.8 0.6529850740740741 0.8015625 0.6473880601851852 0.803125 0.6156716412037037 0.8046875 0.6128731342592593 0.8020833333333334 0.5988805972222222 0.7515625 0.5727611944444445 0.746875 0.5727611944444445 0.7453125 0.5746268657407407 0.7442708333333333 0.6007462685185184 0.7427083333333334 0.6054104467592593 0.7442708333333333 0.6091417916666666
0 0.8130208333333334 0.7537313425925926 0.8114583333333334 0.7611940300925926 0.8083333333333333 0.7649253726851852 0.8140625 0.777052238425926 0.8229166666666666 0.7882462685185184 0.8239583333333333 0.7938432847222222 0.83125 0.8013059699074074 0.8333333333333334 0.7583955231481482 0.8348958333333334 0.7537313425925926 0.8364583333333334 0.7210820902777777 0.8390625 0.7024253726851852 0.8213541666666666 0.6809701481481482 0.8208333333333334 0.6800373125 0.8166666666666667 0.6884328356481482 0.8166666666666667 0.7164179097222223 0.8140625 0.7313432847222222 0.8130208333333334 0.7537313425925926
0 0.8390625 0.6884328356481482 0.8421875 0.6557835810185184 0.8432291666666666 0.6222014930555555 0.8260416666666667 0.6119402986111111 0.8239583333333333 0.6119402986111111 0.8192708333333334 0.660447761574074 0.8197916666666666 0.6707089560185184 0.83125 0.6837686574074074 0.8390625 0.6884328356481482
0 0.7494791666666666 0.5569029861111111 0.7729166666666666 0.5652985069444445 0.7890625 0.5755597013888889 0.8067708333333333 0.5792910439814815 0.8083333333333333 0.5634328356481482 0.8083333333333333 0.5578358217592593 0.8067708333333333 0.5559701481481482 0.7817708333333334 0.5494402986111111 0.7546875 0.5382462685185185 0.7515625 0.5382462685185185 0.7484375 0.5382462685185185 0.7473958333333334 0.5419776111111111 0.7463541666666667 0.5531716412037037 0.7494791666666666 0.5569029861111111
0 0.846875 0.5774253726851852 0.8447916666666666 0.5718283587962963 0.8286458333333334 0.5643656712962963 0.8208333333333334 0.5643656712962963 0.8177083333333334 0.5606343287037037 0.8171875 0.5606343287037037 0.8140625 0.5848880601851851 0.8270833333333334 0.5923507453703704 0.8453125 0.597947761574074 0.846875 0.5774253726851852
0 0.7434776041666666 0.5328759328703704 0.7236692708333334 0.5269645532407408 0.7223484375 0.5448628726851852 0.7406604166666667 0.5524337685185186 0.7434776041666666 0.5328759328703704
0 0.7374911458333334 0.6117388055555556 0.7417166666666667 0.5675755601851852 0.7249895833333333 0.5572388055555555 0.7265744791666667 0.5669449629629629 0.7251656249999999 0.6041679097222222 0.7374911458333334 0.6117388055555556
0 0.7293916666666667 0.6773516782407407 0.7325609375 0.6786138055555555 0.7371390624999999 0.6136315300925926 0.7283348958333333 0.611107275462963 0.7239333333333333 0.6087994398148148 0.7216442708333333 0.6697807847222222 0.7244614583333333 0.6767210810185185 0.7293916666666667 0.6773516782407407
0 0.6931203125000001 0.5436016782407408 0.6843161458333333 0.5387901111111111 0.6850208333333333 0.5524337685185186 0.6913593750000001 0.5568498125 0.6931203125000001 0.5436016782407408
0 0.6931203125000001 0.5846100740740741 0.6848447916666667 0.5761604467592593 0.6829078125 0.6205708958333334 0.6899505208333333 0.6319272384259259 0.6931203125000001 0.5846100740740741
0 0.6945286458333334 0.5171035439814815 0.6869572916666667 0.5123003726851851 0.6860770833333333 0.5278292916666667 0.6931203125000001 0.5297220138888888 0.6945286458333334 0.5171035439814815
0 0.6962895833333334 0.42562313425925924 0.6927677083333333 0.42562313425925924 0.6945286458333334 0.4294085810185185 0.6945286458333334 0.4338246273148148 0.6890703125000001 0.4347220138888889 0.6860770833333333 0.5044860069444445 0.6945286458333334 0.5089020532407408 0.6962895833333334 0.42562313425925924
0 0.59429375 0.45496455324074075 0.5991578125000001 0.45496455324074075 0.59958125 0.4617845138888889 0.6048682291666666 0.46254290972222223 0.6040223958333334 0.46633115740740744 0.59958125 0.46746828472222224 0.5997927083333333 0.4761828356481481 0.6057140625 0.4803507453703704 0.6065604166666667 0.4170746273148148 0.59038125 0.41591417824074073 0.5900640625 0.4159375 0.5900640625 0.45041790972222223 0.59429375 0.45496455324074075
0 0.6016958333333333 0.49133955324074075 0.6048682291666666 0.49361287268518517 0.6054499999999999 0.4835289189814815 0.600215625 0.48186660416666666 0.600215625 0.4867919768518519 0.6016958333333333 0.49133955324074075
0 0.6055026041666667 0.4970223888888889 0.6016958333333333 0.4966436574074074 0.60085 0.5083899259259259 0.6046567708333334 0.5129365671296297 0.6055026041666667 0.4970223888888889
0 0.5987348958333334 0.4803507453703704 0.5957739583333334 0.47959328472222224 0.5953510416666666 0.4879291041666666 0.5983119791666667 0.4883078356481481 0.5987348958333334 0.4803507453703704
0 0.5906984375 0.4843805972222222 0.593025 0.4867919768518519 0.593025 0.47997201388888894 0.5906984375 0.4843805972222222
0 0.5786432291666667 0.410232275462963 0.5712411458333333 0.4102537314814815 0.5714526041666667 0.42730503703703704 0.5786432291666667 0.4360195902777778 0.5786432291666667 0.410232275462963
0 0.5791828125 0.4406707083333333 0.5710953125 0.4297061574074074 0.5709453125 0.43113992592592587 0.5788395833333333 0.4417472013888889 0.5791828125 0.4406707083333333
0 0.5708380208333333 0.43304850694444447 0.5703447916666666 0.45050932870370375 0.5779817708333334 0.4495867546296296 0.5782390625 0.4437453356481481 0.5708380208333333 0.43304850694444447