0 0.85 0.9640625 0.8083333333333333 0.9640625 0.8388888888888888 0.996875 0.9111111111111112 0.9984375 0.85 0.9640625
0 0.7055555555555556 0.6421875 0.7138888888888888 0.64375 0.725 0.640625 0.7416666666666666 0.6 0.7722222222222223 0.5921875 0.7805555555555556 0.584375 0.7722222222222223 0.56875 0.75 0.5593750000000001 0.7305555555555556 0.5656249999999999 0.7027777777777778 0.59375 0.6944444444444444 0.6171875 0.7027777777777778 0.628125 0.7194444444444444 0.63125 0.7055555555555556 0.6421875
0 0.7472222222222222 0.5640625 0.7472222222222222 0.553125 0.7166666666666667 0.5609375 0.686111111111111 0.5953125 0.6805555555555556 0.6125 0.7027777777777778 0.6203125 0.7111111111111111 0.5875 0.7472222222222222 0.5640625
0 0.6 0.44375 0.6027777777777777 0.4453125 0.6111111111111112 0.4453125 0.6111111111111112 0.4421875 0.6138888888888888 0.440625 0.6138888888888888 0.43125 0.6166666666666666 0.4296875 0.6166666666666666 0.421875 0.6194444444444445 0.4203125 0.6194444444444445 0.4078125 0.6166666666666666 0.40625 0.6111111111111112 0.39375 0.6055555555555556 0.3953125 0.5972222222222222 0.4046875 0.5972222222222222 0.4171875 0.6 0.41875 0.6 0.44375
0 0.5472222222222223 0.428125 0.5472222222222223 0.4328125 0.5499999999999999 0.434375 0.5499999999999999 0.4484375 0.5527777777777778 0.4515625 0.5611111111111111 0.453125 0.5638888888888889 0.4515625 0.5666666666666667 0.43125 0.5750000000000001 0.428125 0.5722222222222222 0.409375 0.5694444444444444 0.4078125 0.5666666666666667 0.4 0.5611111111111111 0.4 0.5444444444444444 0.4125 0.5361111111111111 0.421875 0.5361111111111111 0.425 0.5416666666666666 0.425 0.5472222222222223 0.428125
0 0.5222222222222223 0.421875 0.5305555555555556 0.4203125 0.5305555555555556 0.4234375 0.5222222222222223 0.434375 0.525 0.4359375 0.5305555555555556 0.4359375 0.5305555555555556 0.4265625 0.5333333333333333 0.425 0.5333333333333333 0.41875 0.5444444444444444 0.40625 0.5444444444444444 0.403125 0.5416666666666666 0.4015625 0.5416666666666666 0.3953125 0.5388888888888889 0.39375 0.5361111111111111 0.3859375 0.5305555555555556 0.38125 0.525 0.3828125 0.525 0.3859375 0.5194444444444445 0.3890625 0.5138888888888888 0.3953125 0.5111111111111112 0.409375 0.5194444444444445 0.415625 0.5194444444444445 0.4203125 0.5222222222222223 0.421875
0 0.4777777777777778 0.4375 0.4777777777777778 0.4421875 0.48333333333333334 0.44375 0.4888888888888889 0.4375 0.4916666666666667 0.409375 0.48055555555555557 0.4078125 0.475 0.4140625 0.4722222222222222 0.4265625 0.475 0.428125 0.475 0.4359375 0.4777777777777778 0.4375
0 0.4777777777777778 0.396875 0.4888888888888889 0.396875 0.49722222222222223 0.403125 0.5 0.4 0.5 0.3953125 0.5027777777777778 0.39375 0.5027777777777778 0.3890625 0.5 0.3875 0.49722222222222223 0.3796875 0.4916666666666667 0.3765625 0.4861111111111111 0.3765625 0.48333333333333334 0.378125 0.48333333333333334 0.38125 0.475 0.3890625 0.475 0.3921875 0.4722222222222222 0.39375 0.4722222222222222 0.4 0.4777777777777778 0.396875
0 0.5 0.3859375 0.5055555555555555 0.3890625 0.5083333333333333 0.3875 0.5083333333333333 0.3796875 0.5111111111111112 0.378125 0.5111111111111112 0.3734375 0.5166666666666666 0.3703125 0.5166666666666666 0.3671875 0.5194444444444445 0.365625 0.5194444444444445 0.3609375 0.5166666666666666 0.359375 0.5166666666666666 0.35625 0.5055555555555555 0.3484375 0.5 0.3515625 0.4944444444444444 0.3578125 0.4944444444444444 0.375 0.5 0.38125 0.5 0.3859375
0 0.5916666666666667 0.4109375 0.5916666666666667 0.415625 0.5944444444444444 0.4140625 0.5944444444444444 0.40625 0.5972222222222222 0.4046875 0.5972222222222222 0.4015625 0.6027777777777777 0.3953125 0.6027777777777777 0.390625 0.6055555555555556 0.3890625 0.6055555555555556 0.3828125 0.6027777777777777 0.38125 0.6 0.371875 0.5916666666666667 0.365625 0.5861111111111111 0.3671875 0.5833333333333334 0.3734375 0.5805555555555556 0.375 0.5777777777777777 0.3859375 0.5833333333333334 0.3921875 0.5833333333333334 0.4046875 0.5916666666666667 0.4109375
0 0.5722222222222222 0.3515625 0.5611111111111111 0.3609375 0.5638888888888889 0.3625 0.5694444444444444 0.3625 0.5722222222222222 0.359375 0.5777777777777777 0.3375 0.5750000000000001 0.3359375 0.5750000000000001 0.33125 0.5694444444444444 0.328125 0.5666666666666667 0.328125 0.5611111111111111 0.33125 0.5611111111111111 0.334375 0.5583333333333333 0.3359375 0.5583333333333333 0.3453125 0.5722222222222222 0.3515625
0 0.5777777777777777 0.33125 0.5805555555555556 0.3328125 0.5805555555555556 0.340625 0.5861111111111111 0.3421875 0.5916666666666667 0.325 0.5916666666666667 0.31875 0.5861111111111111 0.3140625 0.5861111111111111 0.3109375 0.5805555555555556 0.309375 0.5805555555555556 0.315625 0.5777777777777777 0.3171875 0.5888888888888889 0.3265625 0.5777777777777777 0.33125
0 0.5638888888888889 0.328125 0.5722222222222222 0.328125 0.5750000000000001 0.3265625 0.5777777777777777 0.3109375 0.5750000000000001 0.309375 0.5694444444444444 0.309375 0.5583333333333333 0.315625 0.5555555555555556 0.31875 0.5555555555555556 0.3265625 0.5583333333333333 0.3296875 0.5638888888888889 0.328125
0 0.5666666666666667 0.309375 0.5722222222222222 0.3046875 0.5694444444444444 0.29531250000000003 0.5638888888888889 0.29375 0.5555555555555556 0.2984375 0.5555555555555556 0.3203125 0.5638888888888889 0.315625 0.5666666666666667 0.309375
0 0.5416666666666666 0.3234375 0.5472222222222223 0.325 0.5499999999999999 0.3234375 0.5527777777777778 0.3171875 0.5527777777777778 0.29062499999999997 0.5472222222222223 0.2890625 0.5416666666666666 0.2921875 0.5388888888888889 0.29531250000000003 0.5388888888888889 0.315625 0.5416666666666666 0.3171875 0.5416666666666666 0.3234375
0 0.5166666666666666 0.334375 0.5222222222222223 0.3328125 0.5277777777777778 0.325 0.5277777777777778 0.321875 0.5361111111111111 0.315625 0.5277777777777778 0.303125 0.5222222222222223 0.303125 0.5194444444444445 0.3046875 0.5166666666666666 0.3078125 0.5166666666666666 0.3255203125 0.525 0.3265625 0.5166666666666666 0.334375
0 0.4944444444444444 0.33125 0.5 0.3328125 0.5027777777777778 0.33125 0.5027777777777778 0.3234375 0.5083333333333333 0.3171875 0.5083333333333333 0.3078125 0.5027777777777778 0.303125 0.4944444444444444 0.3046875 0.4916666666666667 0.3078125 0.4916666666666667 0.325 0.4944444444444444 0.3265625 0.4944444444444444 0.33125
0 0.5083333333333333 0.30625 0.5111111111111112 0.3078125 0.5166666666666666 0.3046875 0.5166666666666666 0.3 0.5194444444444445 0.2984375 0.5194444444444445 0.2859375 0.5138888888888888 0.28281249999999997 0.5138888888888888 0.28125 0.5111111111111112 0.28281249999999997 0.5055555555555555 0.2890625 0.5055555555555555 0.3 0.5083333333333333 0.3015625 0.5083333333333333 0.30625
0 0.4916666666666667 0.303125 0.4944444444444444 0.3046875 0.5 0.303125 0.5027777777777778 0.3 0.4916666666666667 0.2890625 0.5027777777777778 0.2859375 0.49722222222222223 0.28281249999999997 0.4916666666666667 0.2859375 0.4888888888888889 0.29062499999999997 0.4888888888888889 0.296875 0.4916666666666667 0.2984375 0.4916666666666667 0.303125
0 0.5222222222222223 0.28750000000000003 0.525 0.28750000000000003 0.5305555555555556 0.28125 0.5305555555555556 0.27499999999999997 0.525 0.27187500000000003 0.5194444444444445 0.2734375 0.5166666666666666 0.2765625 0.5166666666666666 0.28281249999999997 0.5222222222222223 0.2859375 0.5222222222222223 0.28750000000000003
0 0.5166666666666666 0.2734375 0.5083333333333333 0.2703125 0.5166666666666666 0.26406250000000003 0.5138888888888888 0.2625 0.5138888888888888 0.25937499999999997 0.5111111111111112 0.2578125 0.5083333333333333 0.25937499999999997 0.5055555555555555 0.26875 0.5111111111111112 0.27499999999999997 0.5111111111111112 0.278125 0.5166666666666666 0.2734375
0 0.5555555555555556 0.28750000000000003 0.5555555555555556 0.28281249999999997 0.5527777777777778 0.27968750000000003 0.5472222222222223 0.278125 0.5416666666666666 0.284375 0.5416666666666666 0.2890625 0.5527777777777778 0.2890625 0.5555555555555556 0.28750000000000003
0 0.48055555555555557 0.28281249999999997 0.48333333333333334 0.2859375 0.4861111111111111 0.2859375 0.4861111111111111 0.28281249999999997 0.4888888888888889 0.28125 0.4888888888888889 0.2734375 0.4916666666666667 0.2703125 0.4888888888888889 0.26718749999999997 0.48055555555555557 0.26718749999999997 0.4777777777777778 0.2703125 0.4777777777777778 0.2765625 0.48055555555555557 0.278125 0.48055555555555557 0.28281249999999997
0 0.4666666666666667 0.26406250000000003 0.4666666666666667 0.26718749999999997 0.4722222222222222 0.26718749999999997 0.475 0.26406250000000003 0.475 0.2578125 0.4777777777777778 0.25625000000000003 0.4777777777777778 0.253125 0.475 0.25156249999999997 0.475 0.2484375 0.4666666666666667 0.25 0.4666666666666667 0.253125 0.4638888888888889 0.2546875 0.4638888888888889 0.2625 0.4666666666666667 0.26406250000000003
0 0.5055555555555555 0.26718749999999997 0.5138888888888888 0.2609375 0.5138888888888888 0.2546875 0.5055555555555555 0.2484375 0.5 0.2484375 0.5 0.26406250000000003 0.5027777777777778 0.26718749999999997 0.5055555555555555 0.26718749999999997
0 0.48333333333333334 0.2625 0.4861111111111111 0.25625000000000003 0.4861111111111111 0.2484375 0.48055555555555557 0.246875 0.4777777777777778 0.2484375 0.48333333333333334 0.2578125 0.4777777777777778 0.2609375 0.48333333333333334 0.2625