0 0.4138888888888889 0.7015625 0.4333333333333333 0.6984375 0.4527777777777778 0.6328125 0.425 0.615625 0.4222222222222222 0.60625 0.4055555555555555 0.6046875 0.37777777777777777 0.6390625 0.375 0.6578125 0.39166666666666666 0.6671875 0.4027777777777778 0.7140625 0.4138888888888889 0.7015625
0 0.5222222222222223 0.70625 0.5027777777777778 0.7078125 0.5 0.7265625 0.5222222222222223 0.7328125 0.5194444444444445 0.7546875 0.5388888888888889 0.7625 0.5388888888888889 0.7546875 0.5222222222222223 0.7515625 0.5388888888888889 0.7390625 0.5472222222222223 0.6984375 0.5638888888888889 0.6921875 0.5638888888888889 0.6703125 0.5333333333333333 0.6375 0.4916666666666667 0.659375 0.4861111111111111 0.671875 0.5166666666666666 0.68125 0.5277777777777778 0.6984375 0.5222222222222223 0.70625
0 0.7027777777777778 0.6265625 0.725 0.61875 0.7194444444444444 0.5984375 0.7388888888888888 0.5890624999999999 0.75 0.5906250000000001 0.7638888888888888 0.5765625 0.7416666666666666 0.5578124999999999 0.7194444444444444 0.5640625 0.6944444444444444 0.5828125000000001 0.688888888888889 0.6375 0.7 0.6390625 0.7083333333333334 0.6375 0.7027777777777778 0.6265625
0 0.7416666666666666 0.553125 0.7333333333333334 0.5484375 0.6972222222222222 0.5609375 0.6722222222222222 0.5921875 0.6694444444444444 0.6078125 0.6833333333333333 0.6125 0.6916666666666667 0.5812499999999999 0.7416666666666666 0.553125
0 0.6111111111111112 0.5546875 0.6027777777777777 0.515625 0.5944444444444444 0.5140625 0.5750000000000001 0.5296875 0.5694444444444444 0.546875 0.5777777777777777 0.5859375 0.6 0.5906250000000001 0.6111111111111112 0.5546875
0 0.6055555555555556 0.44375 0.5888888888888889 0.459375 0.5944444444444444 0.50625 0.6083333333333334 0.5078125 0.625 0.4625 0.6055555555555556 0.44375
0 0.5111111111111112 0.4265625 0.5333333333333333 0.390625 0.5194444444444445 0.36875 0.5 0.384375 0.4944444444444444 0.3984375 0.5194444444444445 0.4078125 0.5055555555555555 0.4203125 0.5111111111111112 0.4265625
0 0.5833333333333334 0.384375 0.5916666666666667 0.35625 0.5777777777777777 0.346875 0.5694444444444444 0.3515625 0.5694444444444444 0.36875 0.5750000000000001 0.384375 0.5833333333333334 0.384375
0 0.5472222222222223 0.365625 0.5472222222222223 0.3828125 0.5499999999999999 0.384375 0.5583333333333333 0.384375 0.5583333333333333 0.378125 0.5611111111111111 0.3765625 0.5611111111111111 0.365625 0.5638888888888889 0.3640625 0.5666666666666667 0.3515625 0.5583333333333333 0.34375 0.5583333333333333 0.340625 0.5555555555555556 0.3390625 0.5499999999999999 0.3421875 0.5499999999999999 0.3453125 0.5444444444444444 0.35 0.5444444444444444 0.3640625 0.5472222222222223 0.365625
0 0.5111111111111112 0.3703125 0.5222222222222223 0.3703125 0.525 0.36875 0.525 0.3625 0.5277777777777778 0.3609375 0.5305555555555556 0.3546875 0.5305555555555556 0.3484375 0.5222222222222223 0.3390625 0.5166666666666666 0.3390625 0.5111111111111112 0.34375 0.5111111111111112 0.3578125 0.5083333333333333 0.359375 0.5083333333333333 0.3671875 0.5111111111111112 0.3703125
0 0.5055555555555555 0.3734375 0.5083333333333333 0.3734375 0.5083333333333333 0.36875 0.5166666666666666 0.3625 0.5166666666666666 0.3546875 0.5138888888888888 0.353125 0.5138888888888888 0.3390625 0.5027777777777778 0.3453125 0.49722222222222223 0.3515625 0.49722222222222223 0.359375 0.5055555555555555 0.365625 0.5055555555555555 0.3734375
0 0.475 0.3609375 0.4777777777777778 0.3625 0.475 0.3671875 0.475 0.3734375 0.4777777777777778 0.375 0.48333333333333334 0.3703125 0.4777777777777778 0.365625 0.4916666666666667 0.359375 0.4916666666666667 0.3453125 0.48333333333333334 0.3359375 0.4777777777777778 0.334375 0.4722222222222222 0.340625 0.4722222222222222 0.35 0.475 0.3515625 0.475 0.3609375
0 0.4611111111111111 0.3859375 0.4638888888888889 0.3859375 0.4722222222222222 0.3796875 0.4722222222222222 0.3515625 0.4694444444444445 0.35 0.4694444444444445 0.3453125 0.4666666666666667 0.3453125 0.4583333333333333 0.35 0.4583333333333333 0.38125 0.4611111111111111 0.3828125 0.4611111111111111 0.3859375
0 0.5833333333333334 0.3328125 0.5916666666666667 0.3328125 0.5944444444444444 0.334375 0.5944444444444444 0.31875 0.5861111111111111 0.31875 0.5833333333333334 0.3203125 0.5833333333333334 0.321875 0.5777777777777777 0.325 0.5777777777777777 0.334375 0.5833333333333334 0.3328125
0 0.5861111111111111 0.3484375 0.5944444444444444 0.3546875 0.5944444444444444 0.3390625 0.5833333333333334 0.3328125 0.5777777777777777 0.3359375 0.5777777777777777 0.3453125 0.5833333333333334 0.3484375 0.5861111111111111 0.3484375
0 0.5277777777777778 0.359375 0.5305555555555556 0.3609375 0.5361111111111111 0.359375 0.5388888888888889 0.35625 0.5388888888888889 0.3484375 0.5444444444444444 0.3453125 0.5444444444444444 0.334375 0.5388888888888889 0.33125 0.5388888888888889 0.328125 0.5361111111111111 0.3265625 0.5222222222222223 0.3328125 0.5194444444444445 0.3359375 0.5194444444444445 0.340625 0.5277777777777778 0.3484375 0.5277777777777778 0.359375
0 0.5388888888888889 0.334375 0.5361111111111111 0.3359375 0.5361111111111111 0.3515625 0.5416666666666666 0.35 0.5472222222222223 0.34375 0.5499999999999999 0.3359375 0.5527777777777778 0.334375 0.5527777777777778 0.321875 0.5499999999999999 0.3203125 0.5499999999999999 0.315625 0.5472222222222223 0.3125 0.5444444444444444 0.3125 0.5388888888888889 0.3171875 0.5388888888888889 0.321875 0.5361111111111111 0.3234375 0.5388888888888889 0.3265625 0.5388888888888889 0.334375
0 0.5555555555555556 0.3171875 0.5555555555555556 0.325 0.5638888888888889 0.31875 0.5666666666666667 0.309375 0.5694444444444444 0.3078125 0.5694444444444444 0.296875 0.5666666666666667 0.29375 0.5611111111111111 0.29375 0.5527777777777778 0.3 0.5499999999999999 0.309375 0.5527777777777778 0.3109375 0.5527777777777778 0.315625 0.5555555555555556 0.3171875
0 0.48333333333333334 0.3328125 0.4861111111111111 0.3203125 0.4888888888888889 0.31875 0.4888888888888889 0.3078125 0.48333333333333334 0.3046875 0.48055555555555557 0.3046875 0.475 0.3078125 0.4722222222222222 0.3109375 0.4722222222222222 0.33125 0.475 0.3328125 0.48333333333333334 0.3328125
0 0.4638888888888889 0.303125 0.4694444444444445 0.3046875 0.475 0.2984375 0.475 0.28281249999999997 0.4694444444444445 0.27968750000000003 0.4638888888888889 0.2859375 0.4638888888888889 0.29062499999999997 0.4611111111111111 0.29375 0.4638888888888889 0.29531250000000003 0.4638888888888889 0.303125
0 0.4888888888888889 0.303125 0.4916666666666667 0.3 0.4944444444444444 0.28125 0.48333333333333334 0.2765625 0.48055555555555557 0.27968750000000003 0.48055555555555557 0.3 0.48333333333333334 0.303125 0.4888888888888889 0.303125
0 0.5083333333333333 0.296875 0.5111111111111112 0.29531250000000003 0.5111111111111112 0.28281249999999997 0.5083333333333333 0.28125 0.5027777777777778 0.28125 0.5 0.284375 0.5 0.3015625 0.5083333333333333 0.3015625 0.5083333333333333 0.296875
0 0.5194444444444445 0.303125 0.525 0.30625 0.5305555555555556 0.303125 0.5305555555555556 0.296875 0.5361111111111111 0.29062499999999997 0.5361111111111111 0.2859375 0.5305555555555556 0.28125 0.5222222222222223 0.28125 0.5194444444444445 0.284375 0.5194444444444445 0.28750000000000003 0.5166666666666666 0.2890625 0.5194444444444445 0.29062499999999997 0.5194444444444445 0.303125
0 0.5111111111111112 0.28125 0.5138888888888888 0.28281249999999997 0.5222222222222223 0.2765625 0.5222222222222223 0.27187500000000003 0.5166666666666666 0.26718749999999997 0.5138888888888888 0.26718749999999997 0.5111111111111112 0.2703125 0.5111111111111112 0.2734375 0.5083333333333333 0.27499999999999997 0.5111111111111112 0.2765625 0.5111111111111112 0.28125
0 0.4666666666666667 0.28125 0.475 0.278125 0.475 0.26875 0.4722222222222222 0.26718749999999997 0.4666666666666667 0.26875 0.4666666666666667 0.2734375 0.4638888888888889 0.27499999999999997 0.4638888888888889 0.27968750000000003 0.4666666666666667 0.28125
0 0.4944444444444444 0.2734375 0.5 0.2734375 0.5027777777777778 0.27187500000000003 0.5055555555555555 0.26406250000000003 0.49722222222222223 0.2546875 0.4944444444444444 0.2546875 0.4916666666666667 0.2578125 0.4888888888888889 0.26406250000000003 0.4916666666666667 0.26718749999999997 0.4916666666666667 0.27187500000000003 0.4944444444444444 0.2734375
0 0.4666666666666667 0.26406250000000003 0.4694444444444445 0.2625 0.4694444444444445 0.2546875 0.4638888888888889 0.25156249999999997 0.4611111111111111 0.25156249999999997 0.4583333333333333 0.2546875 0.4583333333333333 0.25937499999999997 0.4611111111111111 0.2625 0.4666666666666667 0.26406250000000003
0 0.4638888888888889 0.25156249999999997 0.4694444444444445 0.25156249999999997 0.4694444444444445 0.24375 0.4666666666666667 0.2421875 0.4611111111111111 0.2421875 0.4611111111111111 0.2484375 0.4583333333333333 0.25 0.4611111111111111 0.253125 0.4638888888888889 0.25156249999999997
0 0.4777777777777778 0.253125 0.48055555555555557 0.25 0.4777777777777778 0.2484375 0.4777777777777778 0.24375 0.475 0.24375 0.4722222222222222 0.2453125 0.4722222222222222 0.25156249999999997 0.4777777777777778 0.2578125 0.4777777777777778 0.253125
0 0.4944444444444444 0.2578125 0.4944444444444444 0.246875 0.4888888888888889 0.24375 0.4861111111111111 0.24375 0.4861111111111111 0.2578125 0.4916666666666667 0.25937499999999997 0.4944444444444444 0.2578125