0 0.5916666666666667 0.96875 0.6138888888888888 0.9765625 0.6166666666666666 0.965625 0.6416666666666666 0.959375 0.65 0.9453125 0.65 0.9109375 0.6361111111111112 0.8875 0.5861111111111111 0.8578125 0.5750000000000001 0.8578125 0.5638888888888889 0.8734375 0.5416666666666666 0.8828125 0.5333333333333333 0.903125 0.5722222222222222 0.925 0.5916666666666667 0.9484375 0.5916666666666667 0.96875
0 0.5833333333333334 0.9578125 0.5694444444444444 0.9578125 0.5638888888888889 0.9515625 0.5527777777777778 0.9515625 0.5611111111111111 0.9984375 0.5833333333333334 0.9984375 0.5833333333333334 0.9578125
0 0.375 0.9015625 0.3666666666666667 0.91875 0.375 0.9234375 0.39444444444444443 0.903125 0.4194444444444444 0.896875 0.4222222222222222 0.853125 0.4138888888888889 0.8328125 0.4222222222222222 0.828125 0.4527777777777778 0.8375 0.4472222222222222 0.828125 0.4583333333333333 0.8125 0.4444444444444444 0.79375 0.4222222222222222 0.7859375 0.4194444444444444 0.775 0.4 0.7703125 0.3888888888888889 0.7875 0.35833333333333334 0.8015625 0.3444444444444445 0.8234375 0.35 0.8375 0.3416666666666667 0.8375 0.3694444444444444 0.840625 0.375 0.9015625
0 0.725 0.615625 0.7277777777777777 0.5921875 0.7694444444444444 0.5812499999999999 0.7583333333333334 0.5593750000000001 0.7305555555555556 0.5593750000000001 0.6944444444444444 0.5890624999999999 0.6916666666666667 0.6328125 0.7111111111111111 0.6359375 0.7083333333333334 0.6234375 0.725 0.615625
0 0.7194444444444444 0.5640625 0.7472222222222222 0.5578124999999999 0.7472222222222222 0.5499999999999999 0.7305555555555556 0.546875 0.7111111111111111 0.553125 0.6805555555555556 0.5812499999999999 0.675 0.60625 0.6916666666666667 0.6125 0.6972222222222222 0.5812499999999999 0.7194444444444444 0.5640625
0 0.5944444444444444 0.446875 0.5777777777777777 0.459375 0.5722222222222222 0.4796875 0.5888888888888889 0.515625 0.6055555555555556 0.4796875 0.5944444444444444 0.446875
0 0.5833333333333334 0.4125 0.5972222222222222 0.45625 0.6111111111111112 0.4140625 0.5972222222222222 0.4 0.5833333333333334 0.4125
0 0.5694444444444444 0.3640625 0.5694444444444444 0.3859375 0.5722222222222222 0.3875 0.5722222222222222 0.390625 0.5805555555555556 0.390625 0.5833333333333334 0.3890625 0.5833333333333334 0.384375 0.5861111111111111 0.3828125 0.5861111111111111 0.3734375 0.5944444444444444 0.3671875 0.5944444444444444 0.3625 0.5916666666666667 0.3609375 0.5916666666666667 0.3546875 0.5833333333333334 0.3484375 0.5833333333333334 0.346875 0.5750000000000001 0.346875 0.5694444444444444 0.353125 0.5694444444444444 0.3578125 0.5666666666666667 0.359375 0.5666666666666667 0.3625 0.5694444444444444 0.3640625
0 0.5444444444444444 0.3796875 0.5444444444444444 0.39375 0.5499999999999999 0.3953125 0.5527777777777778 0.39375 0.5527777777777778 0.390625 0.5555555555555556 0.3890625 0.5555555555555556 0.3859375 0.5583333333333333 0.384375 0.5611111111111111 0.378125 0.5611111111111111 0.3734375 0.5638888888888889 0.371875 0.5638888888888889 0.3625 0.5611111111111111 0.3609375 0.5611111111111111 0.35625 0.5527777777777778 0.353125 0.5472222222222223 0.359375 0.5416666666666666 0.3625 0.5416666666666666 0.365625 0.5388888888888889 0.3671875 0.5388888888888889 0.375 0.5444444444444444 0.3796875
0 0.5111111111111112 0.390625 0.5111111111111112 0.3953125 0.5166666666666666 0.396875 0.5222222222222223 0.390625 0.525 0.378125 0.5333333333333333 0.3734375 0.5333333333333333 0.365625 0.5305555555555556 0.3640625 0.5305555555555556 0.359375 0.5277777777777778 0.3578125 0.5277777777777778 0.3515625 0.5222222222222223 0.35 0.5166666666666666 0.35625 0.5083333333333333 0.359375 0.5083333333333333 0.3625 0.5055555555555555 0.3640625 0.5083333333333333 0.3890625 0.5111111111111112 0.390625
0 0.48055555555555557 0.365625 0.48333333333333334 0.3671875 0.48333333333333334 0.3875 0.4916666666666667 0.378125 0.4916666666666667 0.3734375 0.4944444444444444 0.371875 0.4916666666666667 0.36875 0.4944444444444444 0.3671875 0.4944444444444444 0.3609375 0.49722222222222223 0.3578125 0.4944444444444444 0.35625 0.4944444444444444 0.3515625 0.48333333333333334 0.3421875 0.48055555555555557 0.3453125 0.48055555555555557 0.3484375 0.475 0.3546875 0.4777777777777778 0.35625 0.48055555555555557 0.365625
0 0.4638888888888889 0.36875 0.4638888888888889 0.3734375 0.4611111111111111 0.375 0.4611111111111111 0.3921875 0.4638888888888889 0.39375 0.4638888888888889 0.3984375 0.4666666666666667 0.4 0.475 0.4 0.4777777777777778 0.3984375 0.4777777777777778 0.38177031250000004 0.48055555555555557 0.365625 0.4722222222222222 0.3578125 0.4722222222222222 0.3546875 0.4666666666666667 0.35625 0.4666666666666667 0.359375 0.4611111111111111 0.3625 0.4611111111111111 0.3671875 0.4638888888888889 0.36875
0 0.48333333333333334 0.340625 0.48333333333333334 0.3453125 0.4916666666666667 0.346875 0.4944444444444444 0.3453125 0.4944444444444444 0.3359375 0.49722222222222223 0.334375 0.5 0.3234375 0.49722222222222223 0.321875 0.4944444444444444 0.315625 0.4888888888888889 0.315625 0.4861111111111111 0.31875 0.4861111111111111 0.321875 0.48055555555555557 0.328125 0.48055555555555557 0.3390625 0.48333333333333334 0.340625
0 0.5333333333333333 0.346875 0.5388888888888889 0.346875 0.5416666666666666 0.3453125 0.5416666666666666 0.3390625 0.5444444444444444 0.3375 0.5444444444444444 0.3265625 0.5472222222222223 0.3234375 0.5444444444444444 0.321875 0.5444444444444444 0.3171875 0.5361111111111111 0.3125 0.5305555555555556 0.3140625 0.5277777777777778 0.3171875 0.5277777777777778 0.325 0.5333333333333333 0.33125 0.5333333333333333 0.346875
0 0.5499999999999999 0.3390625 0.5499999999999999 0.3515625 0.5555555555555556 0.35625 0.5611111111111111 0.35625 0.5638888888888889 0.353125 0.5666666666666667 0.340625 0.5666666666666667 0.328125 0.5611111111111111 0.321875 0.5583333333333333 0.3203125 0.5555555555555556 0.321875 0.5555555555555556 0.325 0.5472222222222223 0.3328125 0.5472222222222223 0.3375 0.5499999999999999 0.3390625
0 0.5750000000000001 0.3484375 0.5861111111111111 0.3484375 0.5888888888888889 0.3453125 0.5888888888888889 0.340625 0.5916666666666667 0.3390625 0.5916666666666667 0.3296875 0.5888888888888889 0.328125 0.5888888888888889 0.3234375 0.5861111111111111 0.321875 0.5805555555555556 0.3203125 0.5750000000000001 0.3234375 0.5750000000000001 0.3265625 0.5722222222222222 0.328125 0.5722222222222222 0.346875 0.5750000000000001 0.3484375
0 0.5833333333333334 0.315625 0.5833333333333334 0.3078125 0.5805555555555556 0.30625 0.5750000000000001 0.3078125 0.5694444444444444 0.3140625 0.5722222222222222 0.31875 0.5777777777777777 0.31875 0.5833333333333334 0.315625
0 0.5444444444444444 0.3203125 0.5499999999999999 0.321875 0.5527777777777778 0.3203125 0.5527777777777778 0.315625 0.5555555555555556 0.3140625 0.5555555555555556 0.30625 0.5527777777777778 0.3046875 0.5527777777777778 0.3 0.5499999999999999 0.2984375 0.5472222222222223 0.2921875 0.5416666666666666 0.29375 0.5361111111111111 0.3 0.5361111111111111 0.3140625 0.5444444444444444 0.31875 0.5444444444444444 0.3203125
0 0.5638888888888889 0.29531250000000003 0.5638888888888889 0.2859375 0.5583333333333333 0.28125 0.5527777777777778 0.28281249999999997 0.5499999999999999 0.2859375 0.5499999999999999 0.29531250000000003 0.5555555555555556 0.3015625 0.5638888888888889 0.29531250000000003
0 0.5 0.303125 0.5 0.309375 0.5055555555555555 0.30625 0.5055555555555555 0.3015625 0.5083333333333333 0.3 0.5083333333333333 0.28750000000000003 0.5055555555555555 0.2859375 0.5027777777777778 0.2765625 0.5 0.28281249999999997 0.4944444444444444 0.284375 0.4944444444444444 0.296875 0.5 0.303125
0 0.48055555555555557 0.309375 0.48333333333333334 0.3078125 0.48333333333333334 0.29062499999999997 0.48055555555555557 0.2890625 0.475 0.2921875 0.4722222222222222 0.3 0.475 0.3015625 0.475 0.3078125 0.48055555555555557 0.309375
0 0.5222222222222223 0.2921875 0.525 0.2921875 0.5305555555555556 0.28750000000000003 0.5305555555555556 0.2734375 0.5222222222222223 0.2734375 0.5222222222222223 0.278125 0.5194444444444445 0.27968750000000003 0.5194444444444445 0.2890625 0.5222222222222223 0.2921875
0 0.5083333333333333 0.27187500000000003 0.5083333333333333 0.28281249999999997 0.5138888888888888 0.2890625 0.5166666666666666 0.28750000000000003 0.5166666666666666 0.2703125 0.5194444444444445 0.26718749999999997 0.5166666666666666 0.265625 0.5166666666666666 0.2625 0.5111111111111112 0.25937499999999997 0.5083333333333333 0.25937499999999997 0.5083333333333333 0.2625 0.5055555555555555 0.26406250000000003 0.5055555555555555 0.2703125 0.5083333333333333 0.27187500000000003
0 0.4944444444444444 0.26406250000000003 0.5 0.2703125 0.5027777777777778 0.26875 0.5027777777777778 0.26406250000000003 0.5083333333333333 0.2578125 0.5083333333333333 0.2546875 0.5027777777777778 0.25156249999999997 0.5 0.246875 0.4944444444444444 0.246875 0.49722222222222223 0.25 0.4944444444444444 0.253125 0.4944444444444444 0.26406250000000003
0 0.475 0.2859375 0.48055555555555557 0.2890625 0.48333333333333334 0.28750000000000003 0.48333333333333334 0.278125 0.4861111111111111 0.2765625 0.4861111111111111 0.2734375 0.48333333333333334 0.27187500000000003 0.48333333333333334 0.26875 0.4777777777777778 0.26875 0.475 0.2703125 0.4722222222222222 0.2734375 0.4722222222222222 0.27968750000000003 0.475 0.28125 0.475 0.2859375
0 0.4944444444444444 0.2921875 0.49722222222222223 0.2859375 0.5027777777777778 0.284375 0.5027777777777778 0.27187500000000003 0.49722222222222223 0.2703125 0.4888888888888889 0.27499999999999997 0.4888888888888889 0.28281249999999997 0.4916666666666667 0.284375 0.4944444444444444 0.2921875
0 0.4666666666666667 0.265625 0.4722222222222222 0.26718749999999997 0.4722222222222222 0.26406250000000003 0.475 0.2625 0.475 0.253125 0.4722222222222222 0.25156249999999997 0.4638888888888889 0.2546875 0.4611111111111111 0.2578125 0.4638888888888889 0.25937499999999997 0.4638888888888889 0.2625 0.4666666666666667 0.265625
0 0.4638888888888889 0.2578125 0.4666666666666667 0.25625000000000003 0.4722222222222222 0.25625000000000003 0.4694444444444445 0.253125 0.4722222222222222 0.2484375 0.4694444444444445 0.246875 0.4694444444444445 0.24375 0.4638888888888889 0.240625 0.4611111111111111 0.2421875 0.4611111111111111 0.2453125 0.4583333333333333 0.246875 0.4583333333333333 0.25625000000000003 0.4638888888888889 0.2578125
0 0.48055555555555557 0.25937499999999997 0.48333333333333334 0.25937499999999997 0.4861111111111111 0.25625000000000003 0.4861111111111111 0.2453125 0.48055555555555557 0.24375 0.4777777777777778 0.246875 0.4777777777777778 0.2546875 0.48055555555555557 0.25625000000000003 0.48055555555555557 0.25937499999999997