0 0.7555555555555555 0.6546875 0.7444444444444445 0.615625 0.7777777777777778 0.59375 0.7555555555555555 0.5812499999999999 0.7527777777777778 0.5671875000000001 0.7333333333333334 0.5625 0.7138888888888888 0.56875 0.688888888888889 0.5921875 0.6805555555555556 0.615625 0.7 0.65 0.7194444444444444 0.646875 0.7555555555555555 0.6546875
0 0.5138888888888888 0.6546875 0.5388888888888889 0.6171875 0.5083333333333333 0.584375 0.4777777777777778 0.603125 0.48055555555555557 0.6875 0.4888888888888889 0.6890625 0.5166666666666666 0.6671875 0.5138888888888888 0.6546875
0 0.4083333333333333 0.8359375 0.4472222222222222 0.8625 0.4472222222222222 0.8151046875 0.4694444444444445 0.7921875 0.4666666666666667 0.7578125 0.4472222222222222 0.734375 0.4277777777777778 0.7328125 0.375 0.7734375 0.375 0.790625 0.4 0.7921875 0.4055555555555555 0.7984375 0.4083333333333333 0.8359375
0 0.4333333333333333 0.571875 0.4138888888888889 0.5499999999999999 0.39166666666666666 0.5625 0.39444444444444443 0.615625 0.4083333333333333 0.6375 0.4166666666666667 0.6375 0.4333333333333333 0.571875
0 0.5083333333333333 0.5171875 0.48055555555555557 0.540625 0.4777777777777778 0.5640625 0.5305555555555556 0.5656249999999999 0.5277777777777778 0.5375 0.5083333333333333 0.5171875
0 0.4861111111111111 0.5281250000000001 0.4666666666666667 0.5031249999999999 0.4333333333333333 0.525 0.4388888888888889 0.5859375 0.4472222222222222 0.5859375 0.4666666666666667 0.5734374999999999 0.4861111111111111 0.5281250000000001
0 0.5972222222222222 0.45 0.5777777777777777 0.45625 0.5722222222222222 0.465625 0.5805555555555556 0.5140625 0.5916666666666667 0.5187499999999999 0.6138888888888888 0.4734375 0.5972222222222222 0.45
0 0.6555555555555556 0.4453125 0.6305555555555555 0.4625 0.6333333333333334 0.50625 0.6472222222222223 0.5187499999999999 0.6694444444444444 0.4734375 0.6555555555555556 0.4453125
0 0.5277777777777778 0.3609375 0.5138888888888888 0.36875 0.5138888888888888 0.4109375 0.525 0.4109375 0.5416666666666666 0.378125 0.5277777777777778 0.3609375
0 0.4944444444444444 0.36875 0.48055555555555557 0.378125 0.48333333333333334 0.4078125 0.4916666666666667 0.4078125 0.5027777777777778 0.378125 0.4944444444444444 0.36875
0 0.5444444444444444 0.3265625 0.5333333333333333 0.33125 0.5333333333333333 0.3578125 0.5416666666666666 0.359375 0.5499999999999999 0.3328125 0.5444444444444444 0.3265625
0 0.5666666666666667 0.3578125 0.5750000000000001 0.35 0.5694444444444444 0.3265625 0.5666666666666667 0.3578125
0 0.5111111111111112 0.3234375 0.5027777777777778 0.3296875 0.49722222222222223 0.3390625 0.5111111111111112 0.3578125 0.5194444444444445 0.33125 0.5111111111111112 0.3234375
0 0.5527777777777778 0.3140625 0.5583333333333333 0.3328125 0.5666666666666667 0.3203125 0.5611111111111111 0.3125 0.5527777777777778 0.3140625
0 0.4888888888888889 0.284375 0.4861111111111111 0.3125 0.49722222222222223 0.321875 0.5 0.296875 0.4888888888888889 0.284375