0 0.10182119212962963 0.719941349537037 0.09850993287037037 0.721407625 0.09850993287037037 0.7419354837962963 0.11672185416666668 0.7580645162037037 0.11341059490740742 0.7360703819444445 0.10182119212962963 0.719941349537037
0 0.15480132407407407 0.7096774189814815 0.14735099305555555 0.7082111435185184 0.15066225231481484 0.7346041064814814 0.1572847685185185 0.7331378310185186 0.15894039814814814 0.7258064513888889 0.15480132407407407 0.7096774189814815
0 0.17798013194444445 0.7302052777777779 0.17135761574074074 0.7096774189814815 0.16556291435185186 0.7096774189814815 0.1639072847222222 0.7155425231481481 0.16307946990740743 0.7331378310185186 0.17135761574074074 0.7478005856481481 0.1763245023148148 0.7478005856481481 0.17798013194444445 0.7302052777777779
0 0.2375827824074074 0.6788856296296296 0.2359271527777778 0.6392961875 0.2384105949074074 0.6275659814814815 0.23096026388888888 0.6231671550925926 0.22102649074074077 0.6392961875 0.22019867592592593 0.6466275671296297 0.22682119212962965 0.6583577708333332 0.23096026388888888 0.6774193541666667 0.2375827824074074 0.6788856296296296
0 0.8758278148148149 0.9369501458333334 0.8774834444444445 0.8841642222222221 0.8675496689814814 0.859237537037037 0.8667218541666666 0.8475073310185186 0.8609271527777778 0.8504398819444445 0.8584437083333334 0.8665689143518519 0.8485099328703704 0.8695014652777778 0.8468543055555556 0.8797653958333334 0.8551324513888888 0.9824046921296296 0.8600993379629629 0.9941348981481481 0.8667218541666666 0.9956011736111111 0.8758278148148149 0.9369501458333334
0 0.9279801319444445 0.9985337245370371 0.929635761574074 0.8958944282407407 0.9279801319444445 0.8680351898148148 0.9221854305555555 0.8577712615740741 0.9180463564814815 0.856304986111111 0.9155629143518519 0.8621700879629629 0.9081125833333333 0.9046920810185185 0.9081125833333333 0.9501466273148148 0.9014900671296296 0.9941348981481481 0.9031456944444444 0.9985337245370371 0.9279801319444445 0.9985337245370371
0 0.8932119212962962 0.973607037037037 0.8998344375 0.9633431087962963 0.8973509930555555 0.9266862175925925 0.9048013240740741 0.8929618773148148 0.8940397361111111 0.8401759537037037 0.8791390717592592 0.8475073310185186 0.875 0.863636363425926 0.8791390717592592 0.8914956018518518 0.8733443703703704 0.9604105578703703 0.8857615902777778 0.973607037037037 0.8932119212962962 0.973607037037037
0 0.8476821180555555 0.8695014652777778 0.8592715231481483 0.8621700879629629 0.8617549675925926 0.8035190624999999 0.8559602638888889 0.7932551319444444 0.8534768217592592 0.777126099537037 0.8501655625 0.777126099537037 0.8460264907407408 0.7932551319444444 0.8394039745370371 0.8020527870370371 0.8369205300925926 0.8797653958333334 0.8377483449074075 0.887096773148148 0.8435430462962963 0.8914956018518518 0.8476821180555555 0.8695014652777778
0 0.9329470208333334 0.8489736064814815 0.9420529791666666 0.8489736064814815 0.9470198680555555 0.8445747800925927 0.9495033101851852 0.8284457476851851 0.9478476828703704 0.7756598240740741 0.9337748333333334 0.7390029328703703 0.9271523171296296 0.7434017592592593 0.9238410601851852 0.7697947222222221 0.929635761574074 0.7917888564814816 0.929635761574074 0.8387096782407407 0.9329470208333334 0.8489736064814815
0 0.9569536435185185 0.8900293263888889 0.9569536435185185 0.8709677430555556 0.9486754976851851 0.8460410555555555 0.9420529791666666 0.8489736064814815 0.9346026481481481 0.8768328449074074 0.935430462962963 0.8929618773148148 0.9437086087962963 0.887096773148148 0.9528145694444445 0.8929618773148148 0.9569536435185185 0.8900293263888889
0 0.7566225162037037 0.6964809375000001 0.7723509930555555 0.6847507337962964 0.7756622523148148 0.6744868032407408 0.7649006620370371 0.6348973611111112 0.7615894050925925 0.6319648101851852 0.7516556296296296 0.6480938425925926 0.7425496689814814 0.6803519050925926 0.7425496689814814 0.7111436944444444 0.7475165555555555 0.7155425231481481 0.7524834444444445 0.7126099699074074 0.7566225162037037 0.6964809375000001
0 0.7475165555555555 0.6671554259259259 0.7508278148148149 0.643695013888889 0.7417218541666666 0.6246334305555555 0.7317880787037038 0.6334310856481481 0.7326158935185185 0.6510263935185185 0.7268211921296297 0.6876832847222223 0.7359271527777778 0.695014662037037 0.7475165555555555 0.6671554259259259
0 0.685430462962963 0.5879765393518519 0.6821192060185185 0.5674486805555555 0.6779801319444445 0.5674486805555555 0.6738410601851852 0.5865102638888889 0.6713576157407408 0.6334310856481481 0.6730132453703703 0.6378299120370371 0.6846026481481481 0.636363636574074 0.685430462962963 0.5879765393518519
0 0.6655629143518519 0.577712611111111 0.6630794699074074 0.555718474537037 0.6581125833333333 0.55718475 0.6531456944444444 0.5850439884259259 0.6506622523148148 0.6260997060185185 0.6564569537037037 0.6275659814814815 0.6630794699074074 0.6202346041666666 0.6655629143518519 0.577712611111111
0 0.6473509930555555 0.6231671550925926 0.6514900671296296 0.5733137824074074 0.6490066226851852 0.5366568912037037 0.6440397361111111 0.5395894421296297 0.6423841064814815 0.5498533726851852 0.6399006620370371 0.5938416412037036 0.6407284768518517 0.6173020532407407 0.6440397361111111 0.6246334305555555 0.6473509930555555 0.6231671550925926
0 0.6051324513888888 0.501466275462963 0.6018211921296297 0.5117302060185186 0.6034768217592592 0.5439882708333333 0.6076158935185185 0.5483870972222222 0.6100993379629629 0.5073313773148148 0.6051324513888888 0.501466275462963
0 0.6158940393518518 0.4926686226851852 0.6109271527777778 0.5043988263888889 0.6109271527777778 0.526392962962963 0.6167218541666666 0.5483870972222222 0.6208609282407408 0.5087976550925926 0.6158940393518518 0.4926686226851852
0 0.5918874166666667 0.4912023449074074 0.5877483449074075 0.48240469212962966 0.5844370856481481 0.4838709675925926 0.5844370856481481 0.5146627569444445 0.5885761597222222 0.5234604097222222 0.5918874166666667 0.5205278587962963 0.5918874166666667 0.4912023449074074
0 0.31374172222222224 0.5439882708333333 0.31208609259259257 0.5542521990740741 0.31374172222222224 0.5879765393518519 0.3311258287037037 0.5850439884259259 0.3203642384259259 0.5439882708333333 0.31374172222222224 0.5439882708333333
0 0.2748344375 0.6085043981481482 0.28311258333333333 0.6173020532407407 0.28394039814814814 0.5953079189814815 0.26572847685185186 0.5835777129629629 0.26490066203703705 0.5762463333333333 0.2615894050925926 0.577712611111111 0.2574503310185185 0.5938416412037036 0.26241721759259257 0.5997067453703703 0.2632450324074074 0.6114369490740741 0.2748344375 0.6085043981481482
0 0.22682119212962965 0.6070381226851852 0.2259933773148148 0.6202346041666666 0.2384105949074074 0.612903226851852 0.23344370833333336 0.5923753657407408 0.22682119212962965 0.6070381226851852
0 0.2524834444444444 0.6290322569444444 0.2516556296296296 0.6099706736111111 0.24586092824074074 0.5982404699074074 0.24172185416666667 0.6011730208333333 0.23923840972222224 0.6187683287037037 0.24337748379629628 0.6378299120370371 0.24751655555555557 0.6392961875 0.2524834444444444 0.6290322569444444
0 0.6034768217592592 0.46041055787037033 0.5985099328703704 0.45894428240740737 0.5960264907407408 0.4648093842592593 0.5960264907407408 0.4897360694444444 0.6001655625 0.4956011736111111 0.6051324513888888 0.4838709675925926 0.6034768217592592 0.46041055787037033
0 0.5695364236111111 0.45454545370370375 0.5711920532407407 0.4912023449074074 0.5745033101851852 0.4868035185185185 0.5745033101851852 0.45894428240740737 0.5695364236111111 0.45454545370370375