0 0.1365894050925926 0.8401759537037037 0.14238410648148148 0.8431085046296296 0.14652317824074074 0.8401759537037037 0.1448675486111111 0.8196480949074074 0.15066225231481484 0.8093841643518518 0.15066225231481484 0.7917888564814816 0.14072847685185186 0.7302052777777779 0.1365894050925926 0.722873900462963 0.12831125925925926 0.7302052777777779 0.12831125925925926 0.7536656898148147 0.12251655555555556 0.7815249259259259 0.1316225162037037 0.7932551319444444 0.1365894050925926 0.8401759537037037
0 0.12748344444444445 0.8211143703703704 0.13327814583333333 0.8225806458333333 0.13493377546296295 0.8137829907407408 0.12996688657407407 0.7859237546296297 0.125 0.778592375 0.125 0.7624633425925926 0.11589403935185186 0.7683284467592593 0.11423840972222223 0.777126099537037 0.1183774837962963 0.7888563055555556 0.12251655555555556 0.8299120231481482 0.12748344444444445 0.8211143703703704
0 0.15894039814814814 0.722873900462963 0.1498344375 0.7082111435185184 0.14403973611111112 0.7096774189814815 0.14238410648148148 0.7302052777777779 0.14569536342592593 0.7419354837962963 0.15066225231481484 0.7448680347222222 0.15894039814814814 0.722873900462963
0 0.12748344444444445 0.7023460416666667 0.12251655555555556 0.7023460416666667 0.11920529861111112 0.7126099699074074 0.11754966898148149 0.7272727268518518 0.12417218518518519 0.7360703819444445 0.1374172175925926 0.722873900462963 0.12748344444444445 0.7023460416666667
0 0.23178807870370371 0.6803519050925926 0.22764900694444443 0.6598240462962963 0.21192053009259257 0.6319648101851852 0.2061258287037037 0.6319648101851852 0.1995033101851852 0.6510263935185185 0.2011589398148148 0.6671554259259259 0.2052980138888889 0.6744868032407408 0.22185430555555555 0.6715542523148149 0.23178807870370371 0.6803519050925926
0 0.23923840972222224 0.6774193541666667 0.24089403935185186 0.6744868032407408 0.2367549675925926 0.6524926689814814 0.22930463657407407 0.6334310856481481 0.22350993287037038 0.6275659814814815 0.22019867592592593 0.6334310856481481 0.22019867592592593 0.6451612893518518 0.23509933796296298 0.6774193541666667 0.23923840972222224 0.6774193541666667
0 0.23344370833333336 0.5923753657407408 0.2301324513888889 0.5938416412037036 0.2251655625 0.6114369490740741 0.22350993287037038 0.6290322569444444 0.23427152314814814 0.636363636574074 0.23923840972222224 0.6114369490740741 0.23344370833333336 0.5923753657407408
0 0.28311258333333333 0.6158357777777779 0.28394039814814814 0.5982404699074074 0.28062913888888885 0.5909090902777778 0.27069536342592593 0.5879765393518519 0.26490066203703705 0.5762463333333333 0.259933775462963 0.5762463333333333 0.2574503310185185 0.5953079189814815 0.26490066203703705 0.612903226851852 0.27649006712962965 0.6085043981481482 0.28311258333333333 0.6158357777777779
0 0.414735099537037 0.4281524930555555 0.414735099537037 0.4369501458333333 0.4230132453703704 0.43841642129629627 0.4180463564814815 0.4266862175925926 0.414735099537037 0.4281524930555555
0 0.9221854305555555 0.9912023449074074 0.9279801319444445 0.9941348981481481 0.929635761574074 0.9105571851851851 0.9139072847222223 0.863636363425926 0.9072847685185186 0.8680351898148148 0.8973509930555555 0.9061583587962964 0.8965231782407408 0.9266862175925925 0.9031456944444444 0.9985337245370371 0.9197019861111111 0.9985337245370371 0.9221854305555555 0.9912023449074074
0 0.8940397361111111 0.973607037037037 0.8973509930555555 0.9530791782407407 0.8956953634259259 0.9105571851851851 0.9006622523148148 0.8900293263888889 0.8940397361111111 0.8651026388888888 0.8932119212962962 0.8475073310185186 0.8865894050925925 0.8460410555555555 0.8832781458333334 0.8504398819444445 0.8791390717592592 0.8768328449074074 0.8758278148148149 0.9750733148148149 0.8799668865740741 0.9765395902777777 0.8832781458333334 0.9648093842592593 0.8940397361111111 0.973607037037037
0 0.8451986759259259 0.9002932546296297 0.8468543055555556 0.8826979467592593 0.8518211921296297 0.8768328449074074 0.8551324513888888 0.8929618773148148 0.8600993379629629 0.8988269791666667 0.8625827824074074 0.8944281527777778 0.8642384097222222 0.8167155416666667 0.8559602638888889 0.7991202337962963 0.8526490069444445 0.7829912013888889 0.8493377476851852 0.7829912013888889 0.8394039745370371 0.8064516134259259 0.8410596018518518 0.8387096782407407 0.8377483449074075 0.8665689143518519 0.8385761597222222 0.8973607037037037 0.8451986759259259 0.9002932546296297
0 0.8261589398148148 0.8255131967592592 0.8228476828703704 0.835777125 0.8211920532407407 0.8841642222222221 0.8311258287037037 0.8885630509259259 0.8319536435185185 0.8269794722222222 0.8261589398148148 0.8255131967592592
0 0.9519867546296297 0.8401759537037037 0.9536423842592592 0.7668621689814814 0.9461920532407407 0.7551319652777778 0.9428807939814815 0.7404692083333333 0.9379139074074074 0.7404692083333333 0.9312913912037037 0.7609970671296297 0.9312913912037037 0.8445747800925927 0.9362582777777777 0.8504398819444445 0.9486754976851851 0.8475073310185186 0.9519867546296297 0.8401759537037037
0 0.929635761574074 0.7521994143518519 0.929635761574074 0.7360703819444445 0.9238410601851852 0.7155425231481481 0.9180463564814815 0.7140762453703703 0.9048013240740741 0.7375366574074074 0.9039735092592592 0.7434017592592593 0.9180463564814815 0.7697947222222221 0.9254966898148148 0.7683284467592593 0.929635761574074 0.7521994143518519
0 0.7657284768518517 0.6847507337962964 0.7698675486111112 0.6583577708333332 0.7690397361111111 0.6451612893518518 0.7649006620370371 0.636363636574074 0.7533112592592592 0.643695013888889 0.7524834444444445 0.668621701388889 0.7475165555555555 0.6671554259259259 0.7408940393518518 0.6744868032407408 0.7408940393518518 0.7111436944444444 0.7466887407407408 0.7111436944444444 0.7574503310185186 0.6891495601851851 0.7657284768518517 0.6847507337962964
0 0.7400662245370371 0.6715542523148149 0.7549668865740741 0.6392961875 0.7549668865740741 0.5982404699074074 0.7442052986111111 0.6099706736111111 0.7408940393518518 0.6217008796296296 0.7317880787037038 0.6334310856481481 0.7334437083333334 0.6818181828703703 0.7309602638888889 0.6906158356481482 0.7375827824074074 0.6964809375000001 0.7400662245370371 0.6715542523148149
0 0.6920529791666666 0.6217008796296296 0.6961920532407407 0.5674486805555555 0.6912251666666666 0.5630498541666666 0.685430462962963 0.5762463333333333 0.6821192060185185 0.6041055717592593 0.6870860925925926 0.6085043981481482 0.6879139074074074 0.6202346041666666 0.6920529791666666 0.6217008796296296
0 0.6448675486111112 0.6055718472222222 0.6490066226851852 0.579178886574074 0.6407284768518517 0.5615835787037037 0.6382450324074074 0.5674486805555555 0.6382450324074074 0.6304985347222222 0.6423841064814815 0.6319648101851852 0.6448675486111112 0.6290322569444444 0.6448675486111112 0.6055718472222222
0 0.6630794699074074 0.5513196481481482 0.6614238402777778 0.5425219930555556 0.6539735092592592 0.5454545462962963 0.6531456944444444 0.6041055717592593 0.6589403981481482 0.6055718472222222 0.6630794699074074 0.5953079189814815 0.6630794699074074 0.5513196481481482
0 0.6440397361111111 0.5351906157407408 0.6415562916666666 0.5395894421296297 0.6407284768518517 0.5630498541666666 0.6473509930555555 0.5718475069444445 0.6473509930555555 0.5395894421296297 0.6440397361111111 0.5351906157407408
0 0.6200331134259259 0.5366568912037037 0.6125827824074074 0.5175953078703703 0.6084437083333334 0.5190615833333333 0.6125827824074074 0.5718475069444445 0.6158940393518518 0.5703812314814815 0.6158940393518518 0.5527859236111111 0.6200331134259259 0.5366568912037037
0 0.6043046365740741 0.5043988263888889 0.5976821180555555 0.49853372453703704 0.5985099328703704 0.5395894421296297 0.6018211921296297 0.5425219930555556 0.6051324513888888 0.5117302060185186 0.6043046365740741 0.5043988263888889
0 0.5927152314814814 0.48240469212962966 0.5844370856481481 0.4721407615740741 0.5844370856481481 0.5117302060185186 0.5885761597222222 0.5161290324074074 0.5943708611111111 0.4926686226851852 0.5927152314814814 0.48240469212962966
0 0.5769867546296296 0.5 0.5811258287037037 0.4868035185185185 0.5811258287037037 0.46627565972222224 0.5745033101851852 0.45014662731481486 0.5711920532407407 0.45601172916666666 0.5711920532407407 0.48533724305555553 0.5728476828703704 0.4970674490740741 0.5769867546296296 0.5
0 0.5935430462962963 0.48826979398148146 0.5844370856481481 0.46920821064814816 0.5811258287037037 0.4750733148148148 0.5802980138888889 0.4912023449074074 0.5860927152777777 0.5131964814814816 0.5927152314814814 0.5043988263888889 0.5935430462962963 0.48826979398148146
0 0.6440397361111111 0.4648093842592593 0.6399006620370371 0.46627565972222224 0.6456953634259259 0.4868035185185185 0.6473509930555555 0.4721407615740741 0.6440397361111111 0.4648093842592593
0 0.6581125833333333 0.5146627569444445 0.6548013240740741 0.501466275462963 0.6490066226851852 0.5043988263888889 0.6490066226851852 0.5322580648148149 0.6548013240740741 0.5469208217592593 0.659768212962963 0.5381231666666667 0.6581125833333333 0.5146627569444445
0 0.674668875 0.5175953078703703 0.670529800925926 0.5205278587962963 0.6713576157407408 0.5674486805555555 0.6779801319444445 0.5689149560185185 0.6779801319444445 0.5219941342592592 0.674668875 0.5175953078703703
0 0.6109271527777778 0.4780058657407408 0.6092715231481483 0.46627565972222224 0.6051324513888888 0.4706744861111111 0.6034768217592592 0.49853372453703704 0.6059602638888889 0.5117302060185186 0.6109271527777778 0.5 0.6109271527777778 0.4780058657407408
0 0.5985099328703704 0.46920821064814816 0.5951986759259259 0.4721407615740741 0.5951986759259259 0.501466275462963 0.5985099328703704 0.5043988263888889 0.6009933773148148 0.48240469212962966 0.5985099328703704 0.46920821064814816
0 0.5844370856481481 0.44868035185185184 0.5811258287037037 0.4530791782407408 0.5827814560185185 0.47360703703703705 0.5869205300925926 0.4765395902777778 0.5877483449074075 0.4516129027777778 0.5844370856481481 0.44868035185185184
0 0.5596026481481482 0.4061583587962963 0.5587748333333333 0.42082111342592593 0.5629139074074074 0.4222873888888889 0.5629139074074074 0.40762463425925927 0.5596026481481482 0.4061583587962963