0 0.17135761574074074 0.7580645162037037 0.174668875 0.7434017592592593 0.17301324537037036 0.7272727268518518 0.1639072847222222 0.7243401759259259 0.15894039814814814 0.7155425231481481 0.15397350925925923 0.719941349537037 0.15066225231481484 0.7434017592592593 0.15397350925925923 0.7580645162037037 0.15645695370370372 0.7624633425925926 0.17135761574074074 0.7580645162037037
0 0.15231788194444446 0.7155425231481481 0.1448675486111111 0.7052785925925926 0.14072847685185186 0.6891495601851851 0.1365894050925926 0.6862170092592592 0.13327814583333333 0.6935483865740741 0.13410596064814814 0.7360703819444445 0.14238410648148148 0.7375366574074074 0.15066225231481484 0.7302052777777779 0.15231788194444446 0.7155425231481481
0 0.13079470138888888 0.7390029328703703 0.1316225162037037 0.7126099699074074 0.12665562962962962 0.7023460416666667 0.12251655555555556 0.7023460416666667 0.11589403935185186 0.7096774189814815 0.11589403935185186 0.722873900462963 0.12251655555555556 0.7390029328703703 0.13079470138888888 0.7390029328703703
0 0.12334437037037037 0.7507331388888888 0.11754966898148149 0.7096774189814815 0.0877483449074074 0.7390029328703703 0.0811258287037037 0.7609970671296297 0.09105960185185184 0.7683284467592593 0.11754966898148149 0.7653958935185186 0.12334437037037037 0.7507331388888888
0 0.23923840972222224 0.6598240462962963 0.2301324513888889 0.6290322569444444 0.22764900694444443 0.6246334305555555 0.22185430555555555 0.6290322569444444 0.22102649074074077 0.6466275671296297 0.23509933796296298 0.6774193541666667 0.24089403935185186 0.6788856296296296 0.23923840972222224 0.6598240462962963
0 0.2828973518518519 0.6187609976851852 0.2822847685185185 0.6187609976851852 0.2822847685185185 0.6195087986111111 0.2828973518518519 0.6195087986111111 0.2828973518518519 0.6187609976851852
0 0.2864238402777778 0.6466275671296297 0.2872516550925926 0.6143695023148148 0.28394039814814814 0.5953079189814815 0.27566225231481484 0.5894428148148149 0.27152317824074074 0.612903226851852 0.27152317824074074 0.640762462962963 0.2748344375 0.6554252199074073 0.28062913888888885 0.6568914953703704 0.2864238402777778 0.6466275671296297
0 0.8451986759259259 0.9002932546296297 0.8543046365740741 0.8900293263888889 0.8600993379629629 0.9002932546296297 0.8634105949074075 0.8695014652777778 0.8584437083333334 0.7888563055555556 0.8509933773148148 0.7844574768518519 0.8468543055555556 0.8005865092592592 0.840231787037037 0.8064516134259259 0.8418874166666667 0.834310849537037 0.8377483449074075 0.863636363425926 0.8385761597222222 0.8973607037037037 0.8451986759259259 0.9002932546296297
0 0.924668875 0.9941348981481481 0.9197019861111111 0.9853372430555555 0.9197019861111111 0.9560117291666667 0.9263245023148149 0.9120234606481482 0.9147350995370371 0.8812316712962963 0.9114238402777778 0.8621700879629629 0.9014900671296296 0.863636363425926 0.8990066226851852 0.8826979467592593 0.8915562916666666 0.8944281527777778 0.8932119212962962 0.9486803518518518 0.8981788078703703 0.9677419351851853 0.8965231782407408 0.9985337245370371 0.924668875 0.9941348981481481
0 0.8915562916666666 0.9765395902777777 0.8948675486111112 0.9662756597222222 0.8915562916666666 0.9545454537037037 0.8907284768518517 0.9237536666666666 0.8907284768518517 0.8988269791666667 0.8981788078703703 0.8812316712962963 0.8948675486111112 0.8475073310185186 0.8841059606481482 0.8460410555555555 0.8783112592592592 0.8680351898148148 0.8783112592592592 0.944281525462963 0.8816225162037037 0.973607037037037 0.8865894050925925 0.9794721412037036 0.8915562916666666 0.9765395902777777
0 0.945364238425926 0.9354838703703704 0.9552980138888889 0.9252199421296297 0.9586092708333334 0.9002932546296297 0.9528145694444445 0.8533724328703703 0.9495033101851852 0.8475073310185186 0.9428807939814815 0.8475073310185186 0.9362582777777777 0.8753665694444445 0.9304635763888889 0.8797653958333334 0.929635761574074 0.8944281527777778 0.9379139074074074 0.9105571851851851 0.9412251666666666 0.9310850439814815 0.945364238425926 0.9354838703703704
0 0.9495033101851852 0.7639296180555555 0.935430462962963 0.7360703819444445 0.929635761574074 0.7390029328703703 0.924668875 0.7624633425925926 0.9238410601851852 0.8372434027777778 0.9288079467592593 0.8475073310185186 0.9470198680555555 0.8416422291666668 0.9495033101851852 0.7639296180555555
0 0.7640728472222222 0.6847507337962964 0.7615894050925925 0.6466275671296297 0.7450331134259259 0.6788856296296296 0.7442052986111111 0.7126099699074074 0.7524834444444445 0.7155425231481481 0.7557947013888889 0.6920821111111111 0.7640728472222222 0.6847507337962964
0 0.7201986759259259 0.636363636574074 0.7160596018518518 0.636363636574074 0.7094370856481481 0.665689150462963 0.7144039745370371 0.7067448680555556 0.7185430462962963 0.7155425231481481 0.7284768217592592 0.6700879768518518 0.7201986759259259 0.636363636574074
0 0.7516556296296296 0.6568914953703704 0.7475165555555555 0.612903226851852 0.7433774837962963 0.6114369490740741 0.7384105949074075 0.6275659814814815 0.7317880787037038 0.6348973611111112 0.7342715231481483 0.6700879768518518 0.7301324513888888 0.6920821111111111 0.7384105949074075 0.695014662037037 0.7516556296296296 0.6568914953703704
0 0.6456953634259259 0.6187683287037037 0.6473509930555555 0.577712611111111 0.6432119212962962 0.5645161296296296 0.6390728472222222 0.5674486805555555 0.6365894050925925 0.5982404699074074 0.6382450324074074 0.6290322569444444 0.6423841064814815 0.6319648101851852 0.6456953634259259 0.6187683287037037
0 0.6655629143518519 0.5997067453703703 0.6697019861111111 0.5923753657407408 0.6688741712962963 0.577712611111111 0.6647350995370371 0.55718475 0.6581125833333333 0.55718475 0.6548013240740741 0.5689149560185185 0.6539735092592592 0.5923753657407408 0.6589403981481482 0.6231671550925926 0.6622516550925925 0.6260997060185185 0.6655629143518519 0.5997067453703703
0 0.6357615902777778 0.5337243402777778 0.6316225162037037 0.5205278587962963 0.6283112592592592 0.5219941342592592 0.6258278148148149 0.5454545462962963 0.6291390717592592 0.5703812314814815 0.6332781458333334 0.5733137824074074 0.6357615902777778 0.5337243402777778
0 0.5951986759259259 0.5043988263888889 0.5935430462962963 0.5087976550925926 0.5935430462962963 0.5351906157407408 0.5985099328703704 0.5454545462962963 0.5985099328703704 0.5131964814814816 0.5951986759259259 0.5043988263888889
0 0.5877483449074075 0.4809384166666667 0.5844370856481481 0.4838709675925926 0.585264900462963 0.5190615833333333 0.589403974537037 0.5219941342592592 0.5918874166666667 0.4912023449074074 0.5877483449074075 0.4809384166666667
0 0.5786423842592593 0.46920821064814816 0.5736754976851851 0.46041055787037033 0.5728476828703704 0.4897360694444444 0.5745033101851852 0.5 0.5778145694444444 0.5 0.5786423842592593 0.46920821064814816
0 0.6076158935185185 0.501466275462963 0.6043046365740741 0.4897360694444444 0.6001655625 0.4956011736111111 0.6009933773148148 0.5234604097222222 0.6051324513888888 0.5337243402777778 0.6076158935185185 0.5322580648148149 0.6076158935185185 0.501466275462963
0 0.5993377476851852 0.4809384166666667 0.5960264907407408 0.4897360694444444 0.5960264907407408 0.5219941342592592 0.6051324513888888 0.5337243402777778 0.6059602638888889 0.4912023449074074 0.5993377476851852 0.4809384166666667
0 0.5811258287037037 0.4516129027777778 0.5769867546296296 0.45601172916666666 0.5811258287037037 0.4750733148148148 0.5910596018518519 0.47360703703703705 0.5885761597222222 0.45454545370370375 0.5811258287037037 0.4516129027777778