0 0.09519867592592592 0.722873900462963 0.09023178703703703 0.722873900462963 0.08609271527777779 0.7375366574074074 0.0869205300925926 0.7507331388888888 0.09850993287037037 0.7404692083333333 0.09519867592592592 0.722873900462963
0 0.125 0.7038123171296297 0.11920529861111112 0.7038123171296297 0.11423840972222223 0.7258064513888889 0.12334437037037037 0.7390029328703703 0.12996688657407407 0.7140762453703703 0.125 0.7038123171296297
0 0.23427152314814814 0.6818181828703703 0.2367549675925926 0.664222875 0.23509933796296298 0.6451612893518518 0.22764900694444443 0.6260997060185185 0.21192053009259257 0.6466275671296297 0.21192053009259257 0.6583577708333332 0.22102649074074077 0.6715542523148149 0.22350993287037038 0.6862170092592592 0.23427152314814814 0.6818181828703703
0 0.23427152314814814 0.5938416412037036 0.2301324513888889 0.5938416412037036 0.2251655625 0.612903226851852 0.2251655625 0.6260997060185185 0.2301324513888889 0.6319648101851852 0.24006622453703702 0.6187683287037037 0.23427152314814814 0.5938416412037036
0 0.26241721759259257 0.5997067453703703 0.2632450324074074 0.612903226851852 0.27649006712962965 0.6099706736111111 0.2822847685185185 0.6173020532407407 0.28394039814814814 0.5953079189814815 0.27566225231481484 0.5865102638888889 0.2682119212962963 0.5865102638888889 0.26407284722222224 0.5762463333333333 0.2607615902777778 0.5762463333333333 0.259933775462963 0.5865102638888889 0.25496688657407407 0.5953079189814815 0.2574503310185185 0.5923753657407408 0.26241721759259257 0.5997067453703703
0 0.3311258287037037 0.5747800578703703 0.31788079398148145 0.5498533726851852 0.31208609259259257 0.5542521990740741 0.314569537037037 0.5850439884259259 0.3228476828703704 0.5879765393518519 0.3311258287037037 0.5835777129629629 0.3311258287037037 0.5747800578703703
0 0.41556291435185183 0.4369501458333333 0.4230132453703704 0.43841642129629627 0.41556291435185183 0.4281524930555555 0.41556291435185183 0.4369501458333333
0 0.5769867546296296 0.45601172916666666 0.5736754976851851 0.45601172916666666 0.5720198680555556 0.4648093842592593 0.5720198680555556 0.49413489814814815 0.5778145694444444 0.4956011736111111 0.5802980138888889 0.46627565972222224 0.5769867546296296 0.45601172916666666
0 0.5869205300925926 0.4780058657407408 0.5844370856481481 0.48240469212962966 0.5836092708333334 0.5175953078703703 0.5877483449074075 0.5190615833333333 0.5910596018518519 0.4809384166666667 0.5869205300925926 0.4780058657407408
0 0.6026490069444445 0.49413489814814815 0.5993377476851852 0.4897360694444444 0.5976821180555555 0.49413489814814815 0.5951986759259259 0.5410557175925926 0.5993377476851852 0.5425219930555556 0.6043046365740741 0.5043988263888889 0.6026490069444445 0.49413489814814815
0 0.5943708611111111 0.45601172916666666 0.5935430462962963 0.4765395902777778 0.5985099328703704 0.48533724305555553 0.5993377476851852 0.46334310879629625 0.5943708611111111 0.45601172916666666
0 0.5877483449074075 0.4530791782407408 0.5836092708333334 0.44868035185185184 0.5811258287037037 0.45601172916666666 0.5802980138888889 0.47947214120370374 0.5844370856481481 0.4912023449074074 0.589403974537037 0.47360703703703705 0.5877483449074075 0.4530791782407408
0 0.6506622523148148 0.5821114374999999 0.6448675486111112 0.5659824050925926 0.6390728472222222 0.580645162037037 0.6399006620370371 0.6290322569444444 0.6415562916666666 0.6348973611111112 0.6473509930555555 0.636363636574074 0.6506622523148148 0.5821114374999999
0 0.689569537037037 0.5865102638888889 0.6829470208333334 0.6041055717592593 0.6821192060185185 0.6539589444444445 0.6937086087962963 0.6583577708333332 0.6937086087962963 0.5865102638888889 0.689569537037037 0.5865102638888889
0 0.7110927152777777 0.6554252199074073 0.715231787037037 0.6099706736111111 0.7086092708333334 0.5865102638888889 0.7028145694444445 0.5894428148148149 0.6986754976851851 0.612903226851852 0.7036423842592592 0.6510263935185185 0.7077814560185186 0.6612903217592593 0.7110927152777777 0.6554252199074073
0 0.659768212962963 0.5527859236111111 0.6630794699074074 0.558651025462963 0.6680463564814815 0.5322580648148149 0.6614238402777778 0.5117302060185186 0.6572847685185186 0.5146627569444445 0.6548013240740741 0.5249266851851851 0.6539735092592592 0.5395894421296297 0.6572847685185186 0.5439882708333333 0.6556291388888889 0.55718475 0.659768212962963 0.5527859236111111
0 0.6506622523148148 0.48826979398148146 0.6456953634259259 0.4956011736111111 0.6448675486111112 0.5175953078703703 0.6506622523148148 0.5425219930555556 0.6539735092592592 0.5087976550925926 0.6506622523148148 0.48826979398148146
0 0.6266556296296296 0.48826979398148146 0.6200331134259259 0.4677419351851852 0.6142384097222222 0.46920821064814816 0.6117549675925926 0.4912023449074074 0.6158940393518518 0.5161290324074074 0.6241721851851851 0.5073313773148148 0.6266556296296296 0.48826979398148146
0 0.6349337754629629 0.4868035185185185 0.6324503310185186 0.46920821064814816 0.6283112592592592 0.46334310879629625 0.625 0.46627565972222224 0.625 0.4838709675925926 0.6274834444444445 0.49413489814814815 0.6316225162037037 0.4956011736111111 0.6349337754629629 0.4868035185185185
0 0.6481788078703703 0.46920821064814816 0.6432119212962962 0.4677419351851852 0.6415562916666666 0.4721407615740741 0.6399006620370371 0.4809384166666667 0.6448675486111112 0.4956011736111111 0.6481788078703703 0.4897360694444444 0.6481788078703703 0.46920821064814816
0 0.6125827824074074 0.4472140763888889 0.6100993379629629 0.45014662731481486 0.6084437083333334 0.45894428240740737 0.6125827824074074 0.46920821064814816 0.6158940393518518 0.4574780069444444 0.6125827824074074 0.4472140763888889
0 0.6067880787037038 0.4618768333333333 0.6026490069444445 0.45894428240740737 0.6018211921296297 0.47947214120370374 0.6043046365740741 0.4809384166666667 0.6076158935185185 0.4706744861111111 0.6067880787037038 0.4618768333333333
0 0.7574503310185186 0.6906158356481482 0.7649006620370371 0.6847507337962964 0.7690397361111111 0.6495601180555555 0.7624172175925926 0.6392961875 0.7541390717592592 0.6451612893518518 0.7491721851851851 0.6715542523148149 0.7342715231481483 0.7126099699074074 0.7475165555555555 0.7096774189814815 0.7574503310185186 0.6906158356481482
0 0.7458609282407408 0.6304985347222222 0.7408940393518518 0.6246334305555555 0.7334437083333334 0.6334310856481481 0.7359271527777778 0.6774193541666667 0.7384105949074075 0.6788856296296296 0.7450331134259259 0.6598240462962963 0.7458609282407408 0.6304985347222222
0 0.7599337754629629 0.640762462962963 0.7624172175925926 0.6202346041666666 0.7574503310185186 0.6011730208333333 0.7516556296296296 0.5967741944444444 0.7466887407407408 0.6055718472222222 0.7458609282407408 0.6246334305555555 0.7491721851851851 0.6378299120370371 0.7516556296296296 0.6422287384259259 0.7599337754629629 0.640762462962963
0 0.7334437083333334 0.6891495601851851 0.7309602638888889 0.6422287384259259 0.7268211921296297 0.6187683287037037 0.7210264907407408 0.6217008796296296 0.7201986759259259 0.6290322569444444 0.7226821180555555 0.665689150462963 0.7193708611111111 0.6935483865740741 0.7251655625 0.6964809375000001 0.7334437083333334 0.6891495601851851
0 0.7673841064814815 0.7258064513888889 0.7640728472222222 0.7082111435185184 0.7582781458333334 0.7111436944444444 0.7557947013888889 0.7580645162037037 0.7615894050925925 0.7609970671296297 0.7649006620370371 0.7536656898148147 0.7673841064814815 0.7258064513888889
0 0.8153973518518519 0.9369501458333334 0.8187086087962963 0.9281524930555556 0.8220198680555555 0.8841642222222221 0.8187086087962963 0.8621700879629629 0.820364238425926 0.8445747800925927 0.8162251666666666 0.8299120231481482 0.8170529791666666 0.8064516134259259 0.814569537037037 0.8005865092592592 0.8079470208333334 0.8035190624999999 0.8021523171296296 0.8401759537037037 0.8004966898148148 0.8841642222222221 0.8038079467592593 0.9296187685185185 0.8062913912037037 0.9354838703703704 0.8153973518518519 0.9369501458333334
0 0.8385761597222222 0.9472140763888889 0.8460264907407408 0.9325513194444445 0.8451986759259259 0.9134897361111111 0.8509933773148148 0.8944281527777778 0.8526490069444445 0.8225806458333333 0.8493377476851852 0.8020527870370371 0.8394039745370371 0.8020527870370371 0.8302980138888889 0.8328445740740741 0.8336092708333334 0.8709677430555556 0.8311258287037037 0.8944281527777778 0.8327814560185186 0.9457478009259259 0.8385761597222222 0.9472140763888889
0 0.8716887407407408 0.8724340185185185 0.8708609282407408 0.8431085046296296 0.875 0.831378298611111 0.875 0.8167155416666667 0.8642384097222222 0.7815249259259259 0.8584437083333334 0.7859237546296297 0.8584437083333334 0.7961876828703703 0.8534768217592592 0.8079178888888889 0.8534768217592592 0.8973607037037037 0.8625827824074074 0.9017595300925926 0.8658940393518518 0.9002932546296297 0.8716887407407408 0.8724340185185185
0 0.8725165555555555 0.8768328449074074 0.8758278148148149 0.8797653958333334 0.8832781458333334 0.8665689143518519 0.8832781458333334 0.7888563055555556 0.875 0.777126099537037 0.8667218541666666 0.7756598240740741 0.8667218541666666 0.7961876828703703 0.875 0.8181818171296297 0.8716887407407408 0.8577712615740741 0.8725165555555555 0.8768328449074074
0 0.9263245023148149 0.7404692083333333 0.9230132453703703 0.7155425231481481 0.9180463564814815 0.7155425231481481 0.9155629143518519 0.722873900462963 0.9089403981481482 0.7478005856481481 0.9155629143518519 0.7551319652777778 0.9221854305555555 0.7536656898148147 0.9263245023148149 0.7404692083333333
0 0.9561258287037037 0.8064516134259259 0.9561258287037037 0.778592375 0.9461920532407407 0.7346041064814814 0.9387417222222223 0.7404692083333333 0.9370860925925926 0.7507331388888888 0.935430462962963 0.8372434027777778 0.9379139074074074 0.8445747800925927 0.9495033101851852 0.8489736064814815 0.9561258287037037 0.8064516134259259
0 0.9370860925925926 0.7859237546296297 0.9346026481481481 0.7448680347222222 0.9254966898148148 0.7492668611111112 0.920529800925926 0.7639296180555555 0.9172185439814814 0.8372434027777778 0.924668875 0.8445747800925927 0.9321192060185185 0.8445747800925927 0.9370860925925926 0.7859237546296297
0 0.9221854305555555 0.9985337245370371 0.9321192060185185 0.9985337245370371 0.9304635763888889 0.9662756597222222 0.9362582777777777 0.9076246342592592 0.9254966898148148 0.8856304976851852 0.9213576157407408 0.863636363425926 0.9155629143518519 0.8695014652777778 0.9056291388888889 0.9046920810185185 0.9039735092592592 0.9706744861111111 0.9213576157407408 0.9780058657407408 0.9238410601851852 0.9853372430555555 0.9221854305555555 0.9985337245370371
0 0.9130794699074074 0.8709677430555556 0.9188741712962963 0.859237537037037 0.9180463564814815 0.8533724328703703 0.9155629143518519 0.8475073310185186 0.909768212962963 0.8475073310185186 0.9006622523148148 0.8680351898148148 0.8990066226851852 0.8900293263888889 0.9039735092592592 0.9032258055555556 0.9114238402777778 0.8856304976851852 0.9130794699074074 0.8709677430555556
0 0.9743377476851852 0.8797653958333334 0.9776490069444445 0.8445747800925927 0.9850993379629629 0.8269794722222222 0.9668874166666667 0.7947214074074074 0.9635761597222222 0.7932551319444444 0.9594370856481481 0.8005865092592592 0.9569536435185185 0.8240469212962963 0.9594370856481481 0.8651026388888888 0.9635761597222222 0.8753665694444445 0.9743377476851852 0.8797653958333334
0 0.9461920532407407 0.9296187685185185 0.9528145694444445 0.9208211134259259 0.9552980138888889 0.8929618773148148 0.9610927152777777 0.8739002939814815 0.9428807939814815 0.8460410555555555 0.935430462962963 0.8489736064814815 0.9279801319444445 0.887096773148148 0.9370860925925926 0.9061583587962964 0.9387417222222223 0.9208211134259259 0.9461920532407407 0.9296187685185185
0 0.9991721851851851 0.9985337245370371 0.9991721851851851 0.8914956018518518 0.9925496689814814 0.8973607037037037 0.9875827824074074 0.914956011574074 0.9842715231481483 0.9340175949074074 0.9875827824074074 0.9530791782407407 0.9842715231481483 0.9985337245370371 0.9991721851851851 0.9985337245370371
0 0.9743377476851852 0.9985337245370371 0.9776490069444445 0.9032258055555556 0.9735099328703704 0.8812316712962963 0.9668874166666667 0.8739002939814815 0.9586092708333334 0.8856304976851852 0.9552980138888889 0.9046920810185185 0.9536423842592592 0.9281524930555556 0.9577814560185186 0.9853372430555555 0.9660596018518518 0.9985337245370371 0.9743377476851852 0.9985337245370371