0 0 0.727150537037037 0.015037594907407408 0.7311827962962963 0.011278194444444445 0.692204300925926 0.0030075185185185183 0.6908602152777777 0 0.6962365601851852 0 0.727150537037037
0 0.033082706018518516 0.7432795694444444 0.049624060185185184 0.7513440856481481 0.055639097222222225 0.715053763888889 0.04586466203703704 0.6989247314814814 0.04360902314814815 0.6881720439814815 0.03609022453703704 0.6895161296296296 0.03533834490740741 0.7002688171296296 0.025563909722222222 0.7258064513888889 0.03157894675925926 0.7338709675925926 0.033082706018518516 0.7432795694444444
0 0.0751879699074074 0.7688172037037037 0.07819548842592593 0.7647849467592592 0.07593984953703704 0.715053763888889 0.06616541435185186 0.6895161296296296 0.060150375 0.6895161296296296 0.05789473611111111 0.6948924722222223 0.05864661574074074 0.762096773148148 0.06842105324074074 0.762096773148148 0.07067669212962963 0.7688172037037037 0.0751879699074074 0.7688172037037037
0 0.20075187962962962 0.6814516134259259 0.18721804398148148 0.6532258055555556 0.1751879699074074 0.6854838703703704 0.1751879699074074 0.7002688171296296 0.18496240509259257 0.7123655902777778 0.19248120370370372 0.715053763888889 0.20075187962962962 0.6814516134259259
0 0.20601503703703705 0.7836021504629629 0.20977443518518518 0.784946236111111 0.21203007407407407 0.7674731180555555 0.22330827083333332 0.7486559143518519 0.224060150462963 0.7405913981481481 0.21278195601851854 0.6881720439814815 0.2022556388888889 0.6801075277777777 0.1947368425925926 0.6975806458333333 0.19172932407407406 0.7096774189814815 0.20075187962962962 0.727150537037037 0.2 0.7580645162037037 0.20601503703703705 0.7836021504629629
0 0.3593984953703704 0.6680107523148148 0.3578947361111111 0.6801075277777777 0.3631578958333333 0.7096774189814815 0.36766917361111107 0.7284946226851852 0.37293233101851847 0.7338709675925926 0.37368421064814816 0.7204301064814814 0.3796992476851852 0.7096774189814815 0.375939849537037 0.682795699074074 0.37894736805555557 0.6626344097222222 0.36992481250000003 0.6357526874999999 0.3624060138888889 0.6303763449074075 0.36015037499999997 0.6411290324074074 0.3451127824074074 0.6612903217592593 0.3383458657407407 0.6747311828703704 0.3421052638888889 0.6760752685185186 0.3556390972222222 0.6626344097222222 0.3593984953703704 0.6680107523148148
0 0.4443609027777778 0.669354837962963 0.44135338425925924 0.6263440856481481 0.4353383449074074 0.6236559143518519 0.42406015046296297 0.6465053773148148 0.42330827083333333 0.659946236111111 0.4300751875 0.6989247314814814 0.4428571435185185 0.6989247314814814 0.4443609027777778 0.669354837962963
0 0.5060150370370371 0.737903226851852 0.5097744351851852 0.7231182800925926 0.5127819560185185 0.692204300925926 0.5075187962962963 0.6344086018518519 0.5 0.6357526874999999 0.49398496296296296 0.6639784953703703 0.4932330833333334 0.7405913981481481 0.4947368425925926 0.7459677430555556 0.49924812037037036 0.7459677430555556 0.5060150370370371 0.737903226851852
0 0.5353383449074074 0.6733870972222222 0.5263157893518519 0.6491935486111111 0.5150375949074074 0.6720430115740741 0.518045113425926 0.7231182800925926 0.521804511574074 0.7244623657407407 0.5353383449074074 0.7002688171296296 0.5353383449074074 0.6733870972222222
0 0.5571428564814814 0.7688172037037037 0.563909775462963 0.7701612893518518 0.5669172939814815 0.7647849467592592 0.5691729328703704 0.7392473125000001 0.5699248124999999 0.7163978495370371 0.5669172939814815 0.6975806458333333 0.5721804513888888 0.6720430115740741 0.5556390972222223 0.6572580648148147 0.5518796990740741 0.6733870972222222 0.5458646620370371 0.6814516134259259 0.5451127824074073 0.6975806458333333 0.554135337962963 0.737903226851852 0.554135337962963 0.7580645162037037 0.5571428564814814 0.7688172037037037
0 0.6225563912037038 0.6115591388888889 0.6180451134259259 0.6142473125000001 0.6127819560185186 0.6330645162037037 0.6127819560185186 0.6666666666666666 0.6263157893518518 0.6841397847222223 0.6345864652777777 0.6438172037037037 0.6225563912037038 0.6115591388888889
0 0.6669172939814815 0.6357526874999999 0.6578947361111112 0.612903226851852 0.6541353379629629 0.6142473125000001 0.6503759398148148 0.6303763449074075 0.6488721805555556 0.6465053773148148 0.6578947361111112 0.6935483865740741 0.6676691736111111 0.6680107523148148 0.6669172939814815 0.6357526874999999
0 0.6834586458333334 0.6317204305555556 0.675939849537037 0.6142473125000001 0.6706766921296295 0.6196236550925925 0.6691729328703704 0.6317204305555556 0.6691729328703704 0.682795699074074 0.6789473680555557 0.682795699074074 0.6849624050925925 0.659946236111111 0.6834586458333334 0.6317204305555556
0 0.7203007523148147 0.6048387106481482 0.7165413541666666 0.6048387106481482 0.715789474537037 0.6182795694444444 0.7097744351851851 0.6330645162037037 0.7135338356481482 0.669354837962963 0.724060150462963 0.6706989236111112 0.7293233078703705 0.6330645162037037 0.7203007523148147 0.6048387106481482
0 0.7451127824074073 0.6747311828703704 0.748120300925926 0.6720430115740741 0.7496240601851852 0.6330645162037037 0.7428571435185185 0.6155913981481481 0.7383458657407408 0.6169354837962963 0.7315789467592593 0.6344086018518519 0.7345864652777778 0.6653225810185185 0.7368421041666666 0.6720430115740741 0.7451127824074073 0.6747311828703704
0 0.7699248125000001 0.6424731180555555 0.7646616550925927 0.6223118287037037 0.7616541342592592 0.6169354837962963 0.7571428564814815 0.6196236550925925 0.7511278194444444 0.6438172037037037 0.7586466157407408 0.682795699074074 0.7661654143518518 0.6733870972222222 0.7699248125000001 0.6424731180555555
0 0.7932330833333333 0.6666666666666666 0.7894736851851852 0.6209677430555556 0.784210525462963 0.6182795694444444 0.775939849537037 0.6357526874999999 0.7744360902777778 0.6451612893518518 0.7781954884259259 0.6854838703703704 0.7827067662037037 0.6868279560185185 0.7932330833333333 0.6666666666666666
0 0.8105263148148147 0.6263440856481481 0.8075187962962963 0.6196236550925925 0.7962406018518519 0.6061827962962963 0.7894736851851852 0.6115591388888889 0.7932330833333333 0.6518817199074074 0.7977443611111111 0.6411290324074074 0.8075187962962963 0.6384408611111111 0.8105263148148147 0.6263440856481481
0 0.8052631574074075 0.6330645162037037 0.7992481203703704 0.6357526874999999 0.7954887222222223 0.6559139791666667 0.7962406018518519 0.7029569884259259 0.8052631574074075 0.705645162037037 0.8097744351851852 0.6680107523148148 0.8052631574074075 0.6330645162037037
0 0.8624060138888888 0.6653225810185185 0.863909775462963 0.6397849467592592 0.8586466157407407 0.6142473125000001 0.8541353379629629 0.6142473125000001 0.8488721805555556 0.6397849467592592 0.8481203009259259 0.6868279560185185 0.8526315787037037 0.6881720439814815 0.860150375 0.6801075277777777 0.8624060138888888 0.6653225810185185
0 0.8789473680555555 0.6680107523148148 0.8827067662037037 0.6572580648148147 0.8812030069444445 0.6263440856481481 0.8751879699074074 0.6088709675925926 0.8691729328703703 0.6102150532407408 0.863909775462963 0.6276881712962963 0.863909775462963 0.6545698935185186 0.8691729328703703 0.6706989236111112 0.8789473680555555 0.6680107523148148
0 0.9864661643518519 0.6330645162037037 0.9796992476851852 0.6169354837962963 0.9729323310185185 0.6169354837962963 0.967669173611111 0.6317204305555556 0.9684210532407407 0.6572580648148147 0.9736842106481481 0.6626344097222222 0.9834586458333333 0.6612903217592593 0.9864661643518519 0.6330645162037037
0 0.8225563912037037 0.7405913981481481 0.8255639097222223 0.7405913981481481 0.8315789467592593 0.7298387106481482 0.836090224537037 0.6989247314814814 0.8323308263888889 0.6854838703703704 0.836090224537037 0.6706989236111112 0.8315789467592593 0.6532258055555556 0.8233082708333334 0.6545698935185186 0.815789474537037 0.6747311828703704 0.815789474537037 0.6854838703703704 0.8210526319444443 0.7338709675925926 0.8225563912037037 0.7405913981481481
0 0.8127819560185185 0.7338709675925926 0.8165413541666666 0.7338709675925926 0.8203007523148149 0.7258064513888889 0.8233082708333334 0.6680107523148148 0.8172932337962963 0.647849462962963 0.8142857152777778 0.6518817199074074 0.8037593981481481 0.6895161296296296 0.8135338356481482 0.7110215046296297 0.8105263148148147 0.7231182800925926 0.8127819560185185 0.7338709675925926
0 0.8766917291666666 0.7553763449074075 0.8819548865740741 0.7163978495370371 0.8744360902777778 0.7069892476851852 0.8646616550925926 0.7231182800925926 0.8586466157407407 0.7580645162037037 0.8609022546296297 0.7688172037037037 0.8684210532407407 0.7674731180555555 0.8766917291666666 0.7553763449074075
0 0.8827067662037037 0.7876344097222222 0.8736842106481482 0.7647849467592592 0.8624060138888888 0.7647849467592592 0.8541353379629629 0.7809139791666667 0.8488721805555556 0.8091397847222223 0.8646616550925926 0.8212365601851852 0.8774436087962962 0.817204300925926 0.8827067662037037 0.7876344097222222
0 0.6270676689814815 0.8481182800925926 0.6556390972222222 0.852150537037037 0.6624060138888889 0.8454301064814814 0.6210526319444445 0.8131720439814815 0.6060150370370371 0.7741935486111111 0.5962406018518519 0.7782258055555556 0.5962406018518519 0.7903225810185185 0.5917293240740741 0.7956989236111112 0.5954887222222222 0.8239247314814814 0.6270676689814815 0.8481182800925926
0 0.5436090231481482 0.7822580648148147 0.536090224537037 0.7634408611111111 0.5330827060185185 0.7432795694444444 0.521804511574074 0.7446236550925925 0.5127819560185185 0.7903225810185185 0.5187969930555556 0.794354837962963 0.5421052638888889 0.7876344097222222 0.5436090231481482 0.7822580648148147
0 0.2834586458333333 0.8655913981481481 0.2834586458333333 0.8413978495370371 0.2751879699074074 0.8346774189814815 0.2699248125 0.8440860208333333 0.26541353472222223 0.8830645162037037 0.2879699259259259 0.8790322569444444 0.2894736851851852 0.8763440856481481 0.2834586458333333 0.8655913981481481
0 0.08421052546296295 0.3091397847222222 0.055639097222222225 0.3279569884259259 0.04436090277777778 0.35483871064814815 0.04360902314814815 0.3655913981481482 0.06390977546296296 0.3924731180555555 0.07293233101851852 0.397849462962963 0.07744360879629629 0.3938172037037037 0.09548872222222222 0.39650537731481483 0.09624060185185186 0.40322580555555554 0.10150375925925925 0.4045698935185185 0.11954887268518519 0.4005376342592593 0.14060150462962961 0.3844086018518518 0.1646616550925926 0.341397849537037 0.17067669212962963 0.31317204398148146 0.16917293287037036 0.306451613425926 0.14887218055555554 0.2970430115740741 0.13834586574074073 0.2822580648148148 0.1345864652777778 0.26209677314814817 0.13909774537037037 0.25 0.139849625 0.22446236574074074 0.13157894675925924 0.18145161342592592 0.12030075231481482 0.1599462361111111 0.10375939814814815 0.15053763425925926 0.08421052546296295 0.15725806481481483 0.07368421064814815 0.18145161342592592 0.07819548842592593 0.24731182870370372 0.08421052546296295 0.27553763425925926 0.09323308333333333 0.2970430115740741 0.08421052546296295 0.3091397847222222