0 0.04285714351851851 0.7836021504629629 0.050375939814814814 0.7661290324074074 0.050375939814814814 0.7123655902777778 0.039849625 0.6881720439814815 0.03533834490740741 0.6881720439814815 0.026315789351851852 0.7163978495370371 0.0300751875 0.7405913981481481 0.04436090277777778 0.7540322569444444 0.04586466203703704 0.7701612893518518 0.04285714351851851 0.7836021504629629
0 0.08270676620370371 0.7163978495370371 0.0751879699074074 0.6895161296296296 0.06842105324074074 0.6935483865740741 0.06165413425925926 0.7163978495370371 0.07067669212962963 0.7688172037037037 0.07969924768518519 0.7741935486111111 0.08421052546296295 0.7553763449074075 0.08270676620370371 0.7163978495370371
0 0.20075187962962962 0.7244623657407407 0.18721804398148148 0.6532258055555556 0.17819548842592592 0.6545698935185186 0.1699248125 0.692204300925926 0.16917293287037036 0.6989247314814814 0.1751879699074074 0.7110215046296297 0.1751879699074074 0.7298387106481482 0.20075187962962962 0.7244623657407407
0 0.23759398611111113 0.7432795694444444 0.24060150462962965 0.7419354837962963 0.24210526388888887 0.6774193541666667 0.23082706712962964 0.6559139791666667 0.22631578935185187 0.6586021504629629 0.2225563912037037 0.6706989236111112 0.22105263194444444 0.6895161296296296 0.22706766898148148 0.7069892476851852 0.22857142824074075 0.7244623657407407 0.23759398611111113 0.7432795694444444
0 0.2621842106481481 0.6779905902777777 0.2618007523148148 0.6779905902777777 0.2618007523148148 0.6790255370370369 0.2621842106481481 0.6790255370370369 0.2621842106481481 0.6779905902777777
0 0.26541353472222223 0.7405913981481481 0.26917293287037036 0.7258064513888889 0.2669172939814815 0.6989247314814814 0.2751879699074074 0.6881720439814815 0.2751879699074074 0.6814516134259259 0.2684210532407407 0.6465053773148148 0.26165413425925926 0.6465053773148148 0.25413533796296295 0.6653225810185185 0.2503759398148148 0.6989247314814814 0.2503759398148148 0.7338709675925926 0.2586466157407407 0.7419354837962963 0.26541353472222223 0.7405913981481481
0 0.20827067592592594 0.7741935486111111 0.2022556388888889 0.7715053773148148 0.1977443611111111 0.7768817199074074 0.19172932407407406 0.8131720439814815 0.21203007407407407 0.8118279560185185 0.21353383564814815 0.8010752685185186 0.20827067592592594 0.7741935486111111
0 0.2030075185185185 0.9959677430555556 0.21654135416666667 0.9986559143518519 0.22030075231481483 0.9932795694444444 0.21654135416666667 0.9852150532407408 0.21353383564814815 0.9583333333333334 0.21578947453703703 0.8938172037037037 0.20977443518518518 0.8642473125000001 0.2052631574074074 0.8602150532407408 0.1977443611111111 0.8642473125000001 0.20451127777777778 0.9072580648148147 0.1977443611111111 0.9448924722222223 0.1977443611111111 0.9838709675925926 0.2030075185185185 0.9959677430555556
0 0.3127819560185185 0.7674731180555555 0.32857142824074076 0.7688172037037037 0.32255639120370366 0.7298387106481482 0.3248120300925926 0.7190860208333333 0.32105263194444444 0.7123655902777778 0.31578947453703704 0.7123655902777778 0.30601503703703703 0.7298387106481482 0.30150375925925926 0.7486559143518519 0.30150375925925926 0.7755376342592593 0.3067669166666666 0.794354837962963 0.31203007407407407 0.7809139791666667 0.3127819560185185 0.7674731180555555
0 0.3804511273148148 0.7231182800925926 0.37669172916666666 0.6962365601851852 0.3691729328703704 0.6962365601851852 0.3593984953703704 0.7244623657407407 0.3609022546296296 0.7486559143518519 0.36842105324074076 0.7567204305555556 0.3744360902777778 0.7526881712962963 0.3804511273148148 0.7231182800925926
0 0.4180451134259259 0.7217741944444444 0.4127819560185185 0.7217741944444444 0.40751879629629634 0.7298387106481482 0.40751879629629634 0.7526881712962963 0.42406015046296297 0.7513440856481481 0.42180451157407406 0.7298387106481482 0.4180451134259259 0.7217741944444444
0 0.439849625 0.7513440856481481 0.4368421041666667 0.727150537037037 0.42706766898148146 0.7043010763888888 0.42030075231481484 0.705645162037037 0.42406015046296297 0.7486559143518519 0.43157894675925923 0.7647849467592592 0.4353383449074074 0.7647849467592592 0.439849625 0.7513440856481481
0 0.4894736851851852 0.7123655902777778 0.49097744444444447 0.6975806458333333 0.4872180439814815 0.6733870972222222 0.47669172916666663 0.6680107523148148 0.4684210532407408 0.6774193541666667 0.46691729398148146 0.692204300925926 0.47067669212962965 0.6948924722222223 0.4774436087962963 0.715053763888889 0.4894736851851852 0.7123655902777778
0 0.39022556481481485 0.7311827962962963 0.3819548865740741 0.7405913981481481 0.3796992476851852 0.7513440856481481 0.393984962962963 0.7513440856481481 0.393984962962963 0.7392473125000001 0.39022556481481485 0.7311827962962963
0 0.5045112777777777 0.682795699074074 0.5067669166666666 0.6491935486111111 0.5030075185185185 0.6330645162037037 0.49398496296296296 0.6330645162037037 0.49097744444444447 0.6586021504629629 0.49398496296296296 0.6841397847222223 0.49774436111111114 0.6881720439814815 0.5045112777777777 0.682795699074074
0 0.45939849537037036 0.692204300925926 0.4563909768518518 0.6747311828703704 0.45263157870370374 0.669354837962963 0.4451127824074074 0.6814516134259259 0.4428571435185185 0.6975806458333333 0.44887218055555556 0.715053763888889 0.4548872175925926 0.715053763888889 0.45939849537037036 0.692204300925926
0 0.5323308263888888 0.6572580648148147 0.5255639097222222 0.6155913981481481 0.5203007523148148 0.612903226851852 0.518045113425926 0.6169354837962963 0.5142857152777778 0.6975806458333333 0.524060150462963 0.7043010763888888 0.5293233078703703 0.6975806458333333 0.5323308263888888 0.6572580648148147
0 0.5390977453703704 0.6303763449074075 0.5308270671296297 0.6465053773148148 0.5338345856481482 0.6774193541666667 0.5428571435185185 0.6787634398148148 0.5458646620370371 0.6424731180555555 0.5390977453703704 0.6303763449074075
0 0.5578947361111111 0.6612903217592593 0.5624060138888889 0.6532258055555556 0.5609022546296296 0.625 0.554135337962963 0.6236559143518519 0.5473684212962963 0.6411290324074074 0.5436090231481482 0.6720430115740741 0.5496240601851852 0.6868279560185185 0.5533834583333334 0.6881720439814815 0.5578947361111111 0.6612903217592593
0 0.5766917291666667 0.6572580648148147 0.5714285717592593 0.6451612893518518 0.5676691736111111 0.6451612893518518 0.5571428564814814 0.6639784953703703 0.5563909768518519 0.7069892476851852 0.560150375 0.7137096782407407 0.5751879699074074 0.6841397847222223 0.5766917291666667 0.6572580648148147
0 0.5338345856481482 0.7432795694444444 0.5481203009259259 0.7352150532407408 0.5496240601851852 0.7258064513888889 0.5473684212962963 0.7244623657407407 0.5428571435185185 0.682795699074074 0.5345864652777778 0.6854838703703704 0.5308270671296297 0.7083333333333334 0.5233082708333333 0.7204301064814814 0.5210526319444445 0.7352150532407408 0.5263157893518519 0.7567204305555556 0.5293233078703703 0.7567204305555556 0.5338345856481482 0.7432795694444444
0 0.5812030069444445 0.8212365601851852 0.5849624050925926 0.817204300925926 0.5812030069444445 0.8104838703703704 0.5887218055555555 0.772849462962963 0.5857142847222222 0.7486559143518519 0.5879699259259259 0.7298387106481482 0.5766917291666667 0.6881720439814815 0.5699248124999999 0.6895161296296296 0.5593984953703703 0.727150537037037 0.5586466157407407 0.7405913981481481 0.5669172939814815 0.784946236111111 0.5684210532407408 0.8131720439814815 0.5812030069444445 0.8212365601851852
0 0.6105263148148148 0.7594086018518519 0.6120300740740741 0.7352150532407408 0.6097744351851851 0.6787634398148148 0.6022556388888889 0.6787634398148148 0.5932330833333334 0.7029569884259259 0.5924812037037037 0.727150537037037 0.5984962407407408 0.762096773148148 0.6060150370370371 0.7674731180555555 0.6105263148148148 0.7594086018518519
0 0.6233082708333334 0.669354837962963 0.6255639097222222 0.6196236550925925 0.615789474537037 0.5981182800925926 0.6045112777777777 0.6209677430555556 0.5992481203703703 0.6438172037037037 0.6022556388888889 0.6438172037037037 0.6120300740740741 0.6626344097222222 0.6233082708333334 0.669354837962963
0 0.6406015046296296 0.6397849467592592 0.6375939861111112 0.6115591388888889 0.6330827060185186 0.6075268819444445 0.6263157893518518 0.6276881712962963 0.6233082708333334 0.6680107523148148 0.6308270671296297 0.6774193541666667 0.6345864652777777 0.6720430115740741 0.6406015046296296 0.6397849467592592
0 0.687969925925926 0.6747311828703704 0.6857142847222222 0.6626344097222222 0.6781954884259259 0.6572580648148147 0.6699248124999999 0.6653225810185185 0.6691729328703704 0.6814516134259259 0.6781954884259259 0.6962365601851852 0.6834586458333334 0.6975806458333333 0.687969925925926 0.6747311828703704
0 0.6977443611111112 0.6505376342592593 0.6932330833333333 0.6666666666666666 0.6924812037037037 0.6747311828703704 0.7052631574074074 0.6747311828703704 0.706015037037037 0.6532258055555556 0.6977443611111112 0.6505376342592593
0 0.7451127824074073 0.6465053773148148 0.7413533842592592 0.647849462962963 0.7353383449074073 0.6639784953703703 0.7345864652777778 0.682795699074074 0.7308270671296296 0.6948924722222223 0.7511278194444444 0.6720430115740741 0.7451127824074073 0.6465053773148148
0 0.787969925925926 0.6276881712962963 0.7849624050925926 0.6182795694444444 0.7789473680555555 0.6155913981481481 0.7721804513888889 0.6330645162037037 0.7774436087962963 0.6854838703703704 0.7849624050925926 0.6841397847222223 0.7909774444444444 0.6666666666666666 0.787969925925926 0.6276881712962963
0 0.8037593981481481 0.6733870972222222 0.8075187962962963 0.659946236111111 0.8075187962962963 0.6303763449074075 0.7969924814814815 0.6061827962962963 0.791729324074074 0.6088709675925926 0.787969925925926 0.6223118287037037 0.791729324074074 0.6639784953703703 0.7962406018518519 0.6747311828703704 0.8037593981481481 0.6733870972222222
0 0.8278195486111111 0.6868279560185185 0.8315789467592593 0.6720430115740741 0.8285714282407407 0.6545698935185186 0.8248120300925926 0.6491935486111111 0.8172932337962963 0.6545698935185186 0.8150375949074075 0.6720430115740741 0.8218045115740741 0.6774193541666667 0.824060150462963 0.6868279560185185 0.8278195486111111 0.6868279560185185
0 0.8669172939814814 0.6733870972222222 0.8631578958333334 0.6518817199074074 0.8571428564814815 0.6518817199074074 0.851879699074074 0.6653225810185185 0.8503759398148149 0.6854838703703704 0.8548872175925927 0.6962365601851852 0.8616541342592592 0.6962365601851852 0.8669172939814814 0.6733870972222222
0 0.884210525462963 0.6303763449074075 0.8789473680555555 0.6209677430555556 0.8729323310185185 0.6209677430555556 0.8684210532407407 0.6290322569444444 0.8721804513888889 0.669354837962963 0.8834586458333333 0.6720430115740741 0.8879699259259259 0.6572580648148147 0.884210525462963 0.6303763449074075
0 0.896240601851852 0.6088709675925926 0.8879699259259259 0.6290322569444444 0.891729324074074 0.669354837962963 0.9045112777777778 0.6720430115740741 0.9052631574074075 0.6236559143518519 0.896240601851852 0.6088709675925926
0 0.9796992476851852 0.6088709675925926 0.9744360902777778 0.612903226851852 0.9751879699074074 0.6505376342592593 0.984210525462963 0.6612903217592593 0.9849624050925926 0.625 0.9796992476851852 0.6088709675925926
0 0.9804511273148149 0.7043010763888888 0.9812030069444445 0.6814516134259259 0.9729323310185185 0.6344086018518519 0.9654135347222222 0.6424731180555555 0.9624060138888888 0.6626344097222222 0.9616541342592593 0.6975806458333333 0.9691729328703703 0.7284946226851852 0.9736842106481481 0.7298387106481482 0.9804511273148149 0.7043010763888888
0 0.8924812037037037 0.8198924722222223 0.9015037592592592 0.8266129027777778 0.9030075185185185 0.8373655902777778 0.9082706759259259 0.8373655902777778 0.9097744351851852 0.7822580648148147 0.9165413541666667 0.7540322569444444 0.9165413541666667 0.727150537037037 0.9045112777777778 0.692204300925926 0.8977443611111111 0.692204300925926 0.8887218055555556 0.7405913981481481 0.891729324074074 0.7768817199074074 0.8909774444444445 0.7930107523148148 0.8864661643518518 0.7997311828703704 0.8924812037037037 0.8198924722222223
0 0.8067669166666667 0.830645162037037 0.8142857152777778 0.8212365601851852 0.815789474537037 0.8131720439814815 0.8135338356481482 0.7715053773148148 0.8082706759259259 0.7459677430555556 0.8 0.7473118287037037 0.7819548865740741 0.8064516134259259 0.7864661643518518 0.8225806458333333 0.7909774444444444 0.8198924722222223 0.8067669166666667 0.830645162037037
0 0.7894736851851852 0.7782258055555556 0.8030075185185185 0.737903226851852 0.7947368425925926 0.7352150532407408 0.7849624050925926 0.7513440856481481 0.7781954884259259 0.7473118287037037 0.775939849537037 0.7392473125000001 0.7654135347222222 0.7526881712962963 0.7496240601851852 0.7540322569444444 0.7473684212962963 0.7647849467592592 0.7684210532407407 0.7661290324074074 0.7819548865740741 0.7795698935185186 0.7894736851851852 0.7782258055555556
0 0.7233082708333334 0.692204300925926 0.7135338356481482 0.6962365601851852 0.7127819560185186 0.7096774189814815 0.7165413541666666 0.7123655902777778 0.7263157893518518 0.6989247314814814 0.7233082708333334 0.692204300925926
0 0.6278195486111111 0.8655913981481481 0.6323308263888889 0.8561827962962963 0.6447368425925926 0.8467741944444444 0.6646616550925926 0.8440860208333333 0.6609022546296296 0.8346774189814815 0.6451127824074073 0.8373655902777778 0.6413533842592593 0.8333333333333334 0.6368421041666666 0.8051075277777777 0.6263157893518518 0.8104838703703704 0.6218045115740741 0.8266129027777778 0.6150375949074074 0.8266129027777778 0.6105263148148148 0.817204300925926 0.6045112777777777 0.8145161296296296 0.5902255648148148 0.8346774189814815 0.5894736851851852 0.8387096782407407 0.608270675925926 0.8682795694444444 0.6127819560185186 0.8696236550925925 0.6278195486111111 0.8655913981481481
0 0.6240601504629629 0.8319892476851852 0.6368421041666666 0.8494623657407407 0.6661654143518518 0.8454301064814814 0.6631578958333334 0.8333333333333334 0.6518796990740741 0.8346774189814815 0.6375939861111112 0.8051075277777777 0.6240601504629629 0.8064516134259259 0.6172932337962963 0.7997311828703704 0.615789474537037 0.7836021504629629 0.603759398148148 0.7715053773148148 0.5984962407407408 0.772849462962963 0.5969924814814815 0.7836021504629629 0.6007518796296296 0.8212365601851852 0.6150375949074074 0.8333333333333334 0.6240601504629629 0.8319892476851852
0 0.23759398611111113 0.8655913981481481 0.22781954861111112 0.8696236550925925 0.22706766898148148 0.875 0.23759398611111113 0.8830645162037037 0.24210526388888887 0.8776881712962963 0.23759398611111113 0.8655913981481481
0 0.27894736805555553 0.8561827962962963 0.2714285717592593 0.8642473125000001 0.27218045138888886 0.8790322569444444 0.2827067662037037 0.8776881712962963 0.2879699259259259 0.8669354837962963 0.27894736805555553 0.8561827962962963
0 0.3315789467592593 0.8655913981481481 0.32330827083333336 0.8642473125000001 0.3180451134259259 0.8709677430555556 0.31729323379629626 0.8844086018518519 0.31954887268518517 0.8884408611111111 0.33383458564814816 0.887096773148148 0.3315789467592593 0.8655913981481481
0 0.375939849537037 0.8440860208333333 0.36992481250000003 0.8427419351851853 0.36466165509259263 0.8534946226851852 0.363909775462963 0.8655913981481481 0.36616541435185185 0.8682795694444444 0.37744360879629635 0.8642473125000001 0.375939849537037 0.8440860208333333
0 0.30977443518518516 0.7231182800925926 0.3075187962962963 0.7096774189814815 0.3 0.7096774189814815 0.2947368425925926 0.7258064513888889 0.2947368425925926 0.75 0.3 0.762096773148148 0.30225563888888884 0.7405913981481481 0.30977443518518516 0.7231182800925926
0 0.9 0.9690860208333333 0.8902255648148149 0.9354838703703704 0.8819548865740741 0.9368279560185185 0.8781954884259259 0.9731182800925926 0.8872180439814814 0.9852150532407408 0.9 0.9852150532407408 0.9 0.9690860208333333
0 0.8646616550925926 0.9932795694444444 0.863909775462963 0.9986559143518519 0.8781954884259259 0.9986559143518519 0.8699248125 0.987903226851852 0.8646616550925926 0.9932795694444444
0 0.9879699259259259 0.715053763888889 0.9774436087962962 0.7311827962962963 0.9834586458333333 0.7661290324074074 0.9992481203703704 0.7715053773148148 0.9992481203703704 0.7163978495370371 0.9879699259259259 0.715053763888889