0 0.19248120370370372 0.7163978495370371 0.18796992592592593 0.6505376342592593 0.18195488657407408 0.6465053773148148 0.17593984953703704 0.659946236111111 0.17368421064814812 0.6760752685185186 0.1751879699074074 0.7002688171296296 0.18496240509259257 0.7137096782407407 0.19248120370370372 0.7163978495370371
0 0.20676691666666666 0.7688172037037037 0.21052631481481482 0.7647849467592592 0.21278195601851854 0.7459677430555556 0.21278195601851854 0.6948924722222223 0.20375939814814817 0.6733870972222222 0.1969924814814815 0.6747311828703704 0.19172932407407406 0.6908602152777777 0.18796992592592593 0.7137096782407407 0.19624060185185185 0.7217741944444444 0.2030075185185185 0.7661290324074074 0.20676691666666666 0.7688172037037037
0 0.07744360879629629 0.7755376342592593 0.08421052546296295 0.7553763449074075 0.08270676620370371 0.7163978495370371 0.06691729398148148 0.6989247314814814 0.057142856481481485 0.7043010763888888 0.05639097685185185 0.7231182800925926 0.06090225462962963 0.7258064513888889 0.06842105324074074 0.7674731180555555 0.07744360879629629 0.7755376342592593
0 0.03533834490740741 0.7446236550925925 0.053383458333333335 0.7553763449074075 0.055639097222222225 0.7110215046296297 0.04812030092592593 0.7016129027777778 0.046616541666666664 0.6854838703703704 0.03834586574074074 0.6868279560185185 0.03609022453703704 0.7069892476851852 0.027819548611111113 0.727150537037037 0.03458646527777778 0.7352150532407408 0.03533834490740741 0.7446236550925925
0 0.2819548865740741 0.6491935486111111 0.2751879699074074 0.6491935486111111 0.26541353472222223 0.6787634398148148 0.2684210532407407 0.7325268819444445 0.2857142847222222 0.7284946226851852 0.28872180555555554 0.6854838703703704 0.2819548865740741 0.6491935486111111
0 0.3616541342592593 0.6706989236111112 0.3691729328703704 0.7137096782407407 0.375939849537037 0.727150537037037 0.3804511273148148 0.7110215046296297 0.3804511273148148 0.6760752685185186 0.3954887222222222 0.6680107523148148 0.3864661643518519 0.6586021504629629 0.37142857175925925 0.6290322569444444 0.36766917361111107 0.6290322569444444 0.34736842129629625 0.6653225810185185 0.34586466203703703 0.6720430115740741 0.3526315787037037 0.6706989236111112 0.35714285648148153 0.6626344097222222 0.3616541342592593 0.6706989236111112
0 0.5022556388888889 0.6935483865740741 0.5127819560185185 0.6814516134259259 0.521804511574074 0.6572580648148147 0.5172932337962963 0.6532258055555556 0.5127819560185185 0.659946236111111 0.5067669166666666 0.659946236111111 0.5030075185185185 0.6344086018518519 0.49699248148148145 0.6330645162037037 0.4924812037037037 0.6586021504629629 0.4872180439814815 0.6612903217592593 0.4924812037037037 0.6868279560185185 0.5022556388888889 0.6935483865740741
0 0.5315789467592592 0.6989247314814814 0.5308270671296297 0.6626344097222222 0.5225563912037037 0.6465053773148148 0.518045113425926 0.6491935486111111 0.5112781944444444 0.6760752685185186 0.5150375949074074 0.705645162037037 0.521804511574074 0.715053763888889 0.5315789467592592 0.6989247314814814
0 0.5255639097222222 0.8548387106481482 0.536090224537037 0.8588709675925926 0.539849625 0.8655913981481481 0.5473684212962963 0.8615591388888889 0.5518796990740741 0.840053763888889 0.5571428564814814 0.830645162037037 0.5473684212962963 0.7997311828703704 0.536090224537037 0.8091397847222223 0.5315789467592592 0.8239247314814814 0.5248120300925926 0.8212365601851852 0.5203007523148148 0.8064516134259259 0.5150375949074074 0.8091397847222223 0.5135338356481481 0.8239247314814814 0.518045113425926 0.8225806458333333 0.524060150462963 0.8319892476851852 0.5255639097222222 0.8548387106481482
0 0.539849625 0.8024193541666667 0.5436090231481482 0.7970430115740741 0.5338345856481482 0.7432795694444444 0.524060150462963 0.7446236550925925 0.5165413541666667 0.7782258055555556 0.515789474537037 0.7889784953703703 0.5187969930555556 0.7930107523148148 0.5383458657407407 0.7930107523148148 0.539849625 0.8024193541666667
0 0.5458646620370371 0.6774193541666667 0.5533834583333334 0.669354837962963 0.5526315787037037 0.6424731180555555 0.5436090231481482 0.6169354837962963 0.5383458657407407 0.6182795694444444 0.5293233078703703 0.6505376342592593 0.5390977453703704 0.6532258055555556 0.5428571435185185 0.6774193541666667 0.5458646620370371 0.6774193541666667
0 0.5654135347222222 0.7419354837962963 0.5684210532407408 0.7365591388888889 0.5691729328703704 0.6760752685185186 0.554135337962963 0.6653225810185185 0.5443609027777777 0.6801075277777777 0.5436090231481482 0.6989247314814814 0.5503759398148148 0.7325268819444445 0.5548872175925926 0.7392473125000001 0.5654135347222222 0.7419354837962963
0 0.6195488726851851 0.6639784953703703 0.6135338356481482 0.6572580648148147 0.6195488726851851 0.6303763449074075 0.615789474537037 0.6061827962962963 0.6097744351851851 0.602150537037037 0.6007518796296296 0.6263440856481481 0.5984962407407408 0.6572580648148147 0.6052631574074074 0.6706989236111112 0.6195488726851851 0.6706989236111112 0.6195488726851851 0.6639784953703703
0 0.5984962407407408 0.7836021504629629 0.6022556388888889 0.7768817199074074 0.603759398148148 0.6948924722222223 0.5984962407407408 0.6841397847222223 0.5954887222222222 0.6639784953703703 0.5864661643518518 0.6680107523148148 0.5812030069444445 0.7190860208333333 0.5849624050925926 0.7325268819444445 0.5887218055555555 0.7782258055555556 0.5984962407407408 0.7836021504629629
0 0.6225563912037038 0.6048387106481482 0.6172932337962963 0.612903226851852 0.6150375949074074 0.6303763449074075 0.6127819560185186 0.669354837962963 0.6225563912037038 0.6720430115740741 0.6255639097222222 0.6209677430555556 0.6225563912037038 0.6048387106481482
0 0.6511278194444444 0.6626344097222222 0.648120300925926 0.6142473125000001 0.6436090231481482 0.612903226851852 0.6345864652777777 0.6344086018518519 0.6330827060185186 0.647849462962963 0.639849625 0.6774193541666667 0.6473684212962963 0.6895161296296296 0.6511278194444444 0.6626344097222222
0 0.6669172939814815 0.6357526874999999 0.6616541342592592 0.6155913981481481 0.6578947361111112 0.612903226851852 0.6511278194444444 0.6330645162037037 0.6503759398148148 0.6438172037037037 0.6578947361111112 0.692204300925926 0.6654135347222222 0.6814516134259259 0.6669172939814815 0.6357526874999999
0 0.6827067662037037 0.682795699074074 0.6872180439814815 0.6706989236111112 0.6849624050925925 0.6317204305555556 0.6781954884259259 0.6155913981481481 0.6736842106481482 0.6142473125000001 0.6714285717592593 0.6196236550925925 0.6684210532407407 0.6330645162037037 0.6729323310185186 0.6586021504629629 0.6714285717592593 0.6814516134259259 0.6827067662037037 0.682795699074074
0 0.751879699074074 0.7405913981481481 0.7563909768518519 0.7352150532407408 0.7609022546296296 0.7405913981481481 0.7774436087962963 0.7405913981481481 0.7834586458333334 0.7190860208333333 0.784210525462963 0.6760752685185186 0.7751879699074075 0.6666666666666666 0.7646616550925927 0.6774193541666667 0.7624060138888888 0.6868279560185185 0.7684210532407407 0.6948924722222223 0.7654135347222222 0.7096774189814815 0.7368421041666666 0.7110215046296297 0.7353383449074073 0.7540322569444444 0.7375939861111112 0.7607526874999999 0.748120300925926 0.7607526874999999 0.751879699074074 0.7405913981481481
0 0.7203007523148147 0.6048387106481482 0.7165413541666666 0.6061827962962963 0.7097744351851851 0.6330645162037037 0.7142857152777778 0.6706989236111112 0.7248120300925925 0.6706989236111112 0.7285714282407407 0.6290322569444444 0.7203007523148147 0.6048387106481482
0 0.751879699074074 0.6586021504629629 0.7511278194444444 0.6330645162037037 0.7466165416666667 0.6155913981481481 0.7413533842592592 0.6142473125000001 0.7353383449074073 0.6330645162037037 0.7368421041666666 0.6720430115740741 0.748120300925926 0.6747311828703704 0.751879699074074 0.6586021504629629
0 0.7654135347222222 0.6706989236111112 0.7676691736111111 0.6451612893518518 0.7624060138888888 0.6196236550925925 0.7563909768518519 0.6196236550925925 0.7503759398148148 0.6384408611111111 0.751879699074074 0.6612903217592593 0.7586466157407408 0.6841397847222223 0.7654135347222222 0.6706989236111112
0 0.7894736851851852 0.6317204305555556 0.784210525462963 0.6182795694444444 0.7789473680555555 0.6196236550925925 0.7729323310185185 0.6303763449074075 0.7744360902777778 0.6626344097222222 0.7864661643518518 0.6801075277777777 0.7924812037037037 0.6653225810185185 0.7894736851851852 0.6317204305555556
0 0.8082706759259259 0.6223118287037037 0.8 0.6155913981481481 0.7962406018518519 0.6061827962962963 0.7894736851851852 0.6102150532407408 0.7872180439814814 0.6223118287037037 0.7924812037037037 0.6572580648148147 0.7962406018518519 0.6612903217592593 0.8082706759259259 0.6223118287037037
0 0.8105263148148147 0.6962365601851852 0.8150375949074075 0.6572580648148147 0.8105263148148147 0.6263440856481481 0.8045112777777779 0.6276881712962963 0.8030075185185185 0.6424731180555555 0.7977443611111111 0.6545698935185186 0.7977443611111111 0.6989247314814814 0.8 0.705645162037037 0.8067669166666667 0.705645162037037 0.8105263148148147 0.6962365601851852
0 0.8323308263888889 0.727150537037037 0.8390977453703704 0.7244623657407407 0.8488721805555556 0.6854838703703704 0.8451127824074075 0.6532258055555556 0.8406015046296297 0.6491935486111111 0.824060150462963 0.6814516134259259 0.8225563912037037 0.6908602152777777 0.8323308263888889 0.7083333333333334 0.8278195486111111 0.7204301064814814 0.8323308263888889 0.727150537037037
0 0.8819548865740741 0.7997311828703704 0.8796992476851853 0.784946236111111 0.8721804513888889 0.7755376342592593 0.8691729328703703 0.7580645162037037 0.8571428564814815 0.7567204305555556 0.8511278194444444 0.8064516134259259 0.863909775462963 0.8198924722222223 0.8766917291666666 0.8185483865740741 0.8819548865740741 0.7997311828703704
0 0.8736842106481482 0.7325268819444445 0.8729323310185185 0.7096774189814815 0.8616541342592592 0.705645162037037 0.8503759398148149 0.7311827962962963 0.8496240601851852 0.7432795694444444 0.8556390972222223 0.7674731180555555 0.8691729328703703 0.7567204305555556 0.8736842106481482 0.7325268819444445
0 0.8616541342592592 0.6344086018518519 0.8563909768518518 0.6155913981481481 0.8511278194444444 0.6169354837962963 0.8458646620370371 0.6357526874999999 0.8466165416666667 0.6639784953703703 0.8556390972222223 0.6814516134259259 0.8616541342592592 0.6344086018518519
0 0.884210525462963 0.6438172037037037 0.8759398495370371 0.6115591388888889 0.8699248125 0.6115591388888889 0.8646616550925926 0.6263440856481481 0.8631578958333334 0.6411290324074074 0.8691729328703703 0.6653225810185185 0.8827067662037037 0.6680107523148148 0.884210525462963 0.6438172037037037
0 0.9736842106481481 0.7002688171296296 0.9827067662037037 0.6586021504629629 0.984210525462963 0.6317204305555556 0.9744360902777778 0.6223118287037037 0.9699248125 0.6223118287037037 0.9669172939814815 0.6290322569444444 0.9699248125 0.6397849467592592 0.9661654143518519 0.6559139791666667 0.9669172939814815 0.6720430115740741 0.9736842106481481 0.7002688171296296
0 0.972180451388889 0.6975806458333333 0.9684210532407407 0.6344086018518519 0.9624060138888888 0.6330645162037037 0.9556390972222223 0.6532258055555556 0.9571428564814815 0.7137096782407407 0.9593984953703704 0.7217741944444444 0.9706766921296297 0.7231182800925926 0.972180451388889 0.6975806458333333