0 0.08421052546296295 0.7123655902777778 0.09548872222222222 0.7110215046296297 0.09699248148148147 0.705645162037037 0.08496240509259259 0.6935483865740741 0.08045112731481481 0.6760752685185186 0.07669172916666665 0.6760752685185186 0.07368421064814815 0.6814516134259259 0.07443609027777777 0.6935483865740741 0.06691729398148148 0.7069892476851852 0.06466165509259258 0.7217741944444444 0.06466165509259258 0.7473118287037037 0.07067669212962963 0.7526881712962963 0.08120300694444443 0.7513440856481481 0.08421052546296295 0.7123655902777778
0 0.09699248148148147 0.7123655902777778 0.08721804398148149 0.7096774189814815 0.08421052546296295 0.7137096782407407 0.08571428472222221 0.7755376342592593 0.10526315740740741 0.7889784953703703 0.10601503703703703 0.7392473125000001 0.09699248148148147 0.7123655902777778
0 0.5127819560185185 0.7163978495370371 0.5082706759259259 0.6680107523148148 0.5150375949074074 0.6451612893518518 0.5142857152777778 0.6357526874999999 0.5082706759259259 0.6344086018518519 0.49774436111111114 0.6559139791666667 0.49398496296296296 0.6908602152777777 0.4947368425925926 0.7137096782407407 0.5015037592592593 0.7392473125000001 0.5045112777777777 0.737903226851852 0.5127819560185185 0.7163978495370371
0 0.5390977453703704 0.6747311828703704 0.5330827060185185 0.6639784953703703 0.5308270671296297 0.6505376342592593 0.5255639097222222 0.6545698935185186 0.5203007523148148 0.6747311828703704 0.5195488726851851 0.6989247314814814 0.5225563912037037 0.7204301064814814 0.5375939861111111 0.7029569884259259 0.5390977453703704 0.6747311828703704
0 0.4451127824074074 0.6962365601851852 0.44360902314814815 0.682795699074074 0.4368421041666667 0.682795699074074 0.42781954861111116 0.7083333333333334 0.4248120300925926 0.727150537037037 0.43157894675925923 0.727150537037037 0.4323308263888889 0.7069892476851852 0.4451127824074074 0.6962365601851852
0 0.554135337962963 0.7486559143518519 0.5526315787037037 0.762096773148148 0.5571428564814814 0.7688172037037037 0.5706766921296297 0.7419354837962963 0.5751879699074074 0.692204300925926 0.5676691736111111 0.659946236111111 0.5488721805555555 0.6545698935185186 0.5473684212962963 0.659946236111111 0.5518796990740741 0.6626344097222222 0.5496240601851852 0.7123655902777778 0.554135337962963 0.7486559143518519
0 0.5225563912037037 0.7607526874999999 0.5263157893518519 0.762096773148148 0.5308270671296297 0.7580645162037037 0.5368421041666667 0.7352150532407408 0.536090224537037 0.705645162037037 0.5210526319444445 0.7231182800925926 0.5172932337962963 0.737903226851852 0.5225563912037037 0.7405913981481481 0.5248120300925926 0.7540322569444444 0.5225563912037037 0.7607526874999999
0 0.5451127824074073 0.7970430115740741 0.5503759398148148 0.8118279560185185 0.5586466157407407 0.8051075277777777 0.5563909768518519 0.7903225810185185 0.5421052638888889 0.7862903217592593 0.5406015046296296 0.7634408611111111 0.5308270671296297 0.7607526874999999 0.5150375949074074 0.7661290324074074 0.5142857152777778 0.7715053773148148 0.521804511574074 0.7889784953703703 0.5338345856481482 0.7876344097222222 0.5451127824074073 0.7970430115740741
0 0.6473684212962963 0.6774193541666667 0.6473684212962963 0.6505376342592593 0.639849625 0.6155913981481481 0.6368421041666666 0.6115591388888889 0.6338345856481481 0.6155913981481481 0.6278195486111111 0.637096773148148 0.6300751875 0.669354837962963 0.636090224537037 0.6760752685185186 0.6473684212962963 0.6774193541666667
0 0.6661654143518518 0.6720430115740741 0.6654135347222222 0.637096773148148 0.6586466157407408 0.612903226851852 0.6526315787037037 0.6155913981481481 0.648120300925926 0.6330645162037037 0.6511278194444444 0.6841397847222223 0.6533834583333333 0.6935483865740741 0.6571428564814815 0.6948924722222223 0.6661654143518518 0.6720430115740741
0 0.6796992476851851 0.6747311828703704 0.6819548865740741 0.6451612893518518 0.6736842106481482 0.6169354837962963 0.6676691736111111 0.6182795694444444 0.6669172939814815 0.6774193541666667 0.6684210532407407 0.6841397847222223 0.6721804513888889 0.6841397847222223 0.6796992476851851 0.6747311828703704
0 0.6165413541666667 0.8440860208333333 0.6533834583333333 0.8534946226851852 0.6654135347222222 0.8481182800925926 0.6646616550925926 0.8346774189814815 0.6503759398148148 0.8373655902777778 0.6436090231481482 0.8279569884259259 0.6368421041666666 0.8293010763888888 0.6263157893518518 0.8225806458333333 0.6203007523148147 0.8131720439814815 0.6172932337962963 0.784946236111111 0.6135338356481482 0.7889784953703703 0.608270675925926 0.7862903217592593 0.603759398148148 0.7715053773148148 0.5984962407407408 0.7715053773148148 0.584210525462963 0.784946236111111 0.5849624050925926 0.7970430115740741 0.5947368425925925 0.8279569884259259 0.6052631574074074 0.8481182800925926 0.6165413541666667 0.8440860208333333
0 0.7443609027777778 0.6760752685185186 0.7473684212962963 0.6666666666666666 0.7488721805555556 0.6344086018518519 0.7443609027777778 0.6155913981481481 0.7383458657407408 0.6182795694444444 0.7300751874999999 0.6411290324074074 0.7338345856481482 0.6680107523148148 0.7406015046296296 0.6774193541666667 0.7443609027777778 0.6760752685185186
0 0.7691729328703704 0.6397849467592592 0.7624060138888888 0.6169354837962963 0.7586466157407408 0.6182795694444444 0.7526315787037037 0.6344086018518519 0.7548872175925927 0.6774193541666667 0.7586466157407408 0.682795699074074 0.7669172939814815 0.6666666666666666 0.7691729328703704 0.6397849467592592
0 0.7045112777777777 0.6518817199074074 0.6962406018518519 0.6491935486111111 0.6932330833333333 0.6532258055555556 0.6917293240740741 0.6680107523148148 0.693984962962963 0.6733870972222222 0.7052631574074074 0.6706989236111112 0.7045112777777777 0.6518817199074074
0 0.7902255648148149 0.6653225810185185 0.7902255648148149 0.6357526874999999 0.7827067662037037 0.6196236550925925 0.7744360902777778 0.6223118287037037 0.7721804513888889 0.6438172037037037 0.7781954884259259 0.6854838703703704 0.7812030069444444 0.6868279560185185 0.7902255648148149 0.6653225810185185
0 0.8030075185185185 0.7002688171296296 0.8067669166666667 0.6559139791666667 0.8007518796296296 0.6276881712962963 0.7932330833333333 0.6330645162037037 0.7909774444444444 0.6747311828703704 0.793984962962963 0.705645162037037 0.7969924814814815 0.7069892476851852 0.8030075185185185 0.7002688171296296
0 0.8037593981481481 0.6397849467592592 0.8075187962962963 0.6303763449074075 0.8 0.602150537037037 0.7932330833333333 0.6048387106481482 0.7864661643518518 0.625 0.791729324074074 0.637096773148148 0.8030075185185185 0.6344086018518519 0.8037593981481481 0.6397849467592592
0 0.884210525462963 0.669354837962963 0.8879699259259259 0.659946236111111 0.8849624050925926 0.6209677430555556 0.8796992476851853 0.6155913981481481 0.8781954884259259 0.6075268819444445 0.8729323310185185 0.6075268819444445 0.8676691736111111 0.6397849467592592 0.8751879699074074 0.6545698935185186 0.8759398495370371 0.6680107523148148 0.884210525462963 0.669354837962963
0 0.9060150370370371 0.6438172037037037 0.8977443611111111 0.6155913981481481 0.8932330833333333 0.6196236550925925 0.8894736851851852 0.6344086018518519 0.8879699259259259 0.6814516134259259 0.8909774444444445 0.6854838703703704 0.9037593981481481 0.6612903217592593 0.9060150370370371 0.6438172037037037
0 0.8255639097222223 0.7405913981481481 0.8293233078703705 0.7365591388888889 0.8323308263888889 0.7163978495370371 0.8315789467592593 0.6720430115740741 0.8248120300925926 0.6491935486111111 0.8187969930555555 0.6532258055555556 0.815789474537037 0.7043010763888888 0.8203007523148149 0.7137096782407407 0.8203007523148149 0.7405913981481481 0.8255639097222223 0.7405913981481481
0 0.8736842106481482 0.6962365601851852 0.8654135347222223 0.6895161296296296 0.860150375 0.7083333333333334 0.8586466157407407 0.7594086018518519 0.8706766921296297 0.7634408611111111 0.8796992476851853 0.737903226851852 0.8736842106481482 0.6962365601851852
0 0.8804511273148149 0.8064516134259259 0.8819548865740741 0.7876344097222222 0.8646616550925926 0.7567204305555556 0.860150375 0.7594086018518519 0.8496240601851852 0.7997311828703704 0.8496240601851852 0.807795699074074 0.8593984953703704 0.8131720439814815 0.8759398495370371 0.8104838703703704 0.8804511273148149 0.8064516134259259
0 0.9992481203703704 0.637096773148148 0.9939849629629629 0.6223118287037037 0.9902255648148148 0.6196236550925925 0.9872180439814815 0.6330645162037037 0.9827067662037037 0.637096773148148 0.984210525462963 0.6626344097222222 0.9939849629629629 0.6666666666666666 0.9992481203703704 0.6612903217592593 0.9992481203703704 0.637096773148148
0 0.9729323310185185 0.6290322569444444 0.9699248125 0.6290322569444444 0.9646616550925926 0.6424731180555555 0.9669172939814815 0.659946236111111 0.9819548865740741 0.6586021504629629 0.9827067662037037 0.6532258055555556 0.9729323310185185 0.6290322569444444
0 0.054887217592592595 0.32930107638888884 0.04436090277777778 0.35483871064814815 0.04360902314814815 0.3655913981481482 0.06390977546296296 0.3938172037037037 0.07142857175925926 0.397849462962963 0.10451127777777777 0.4045698935185185 0.12857142824074075 0.39650537731481483 0.15112781944444442 0.36962365509259254 0.1646616550925926 0.34005376388888886 0.17067669212962963 0.30779569907407406 0.1503759398148148 0.2983870972222222 0.13609022453703704 0.2782258055555556 0.1345864652777778 0.27016128935185185 0.13909774537037037 0.25 0.139849625 0.22446236574074074 0.13157894675925924 0.18145161342592592 0.12180451157407407 0.16129032175925925 0.10902255555555555 0.15188171990740743 0.09323308333333333 0.15188171990740743 0.08421052546296295 0.15725806481481483 0.07368421064814815 0.18145161342592592 0.07819548842592593 0.24731182870370372 0.08421052546296295 0.27553763425925926 0.09398496296296296 0.2983870972222222 0.054887217592592595 0.32930107638888884