0 0.9905460949074074 0.8366087962962964 0.7612817708333333 0.8324319444444443 0.7598723958333333 0.8549884259259259 0.9712841157407408 0.8892407407407407 0.9905460949074074 0.8366087962962964
0 0.9997395833333333 0.8725324074074075 0.9887544259259259 0.9019791666666666 0.9881971342592593 0.9026074074074074 0.9990026041666666 0.9042782407407407 0.9997395833333333 0.8725324074074075
0 0.9972125 0.9275412037037036 0.9802104166666666 0.9218222222222222 0.9778614583333334 0.9318472222222222 0.9792708333333334 0.961087037037037 0.9972125 0.9275412037037036
0 0.9946752592592593 0.9816731481481482 0.9997395833333333 0.9861564814814815 0.9997395833333333 0.9694412037037038 0.9946752592592593 0.9816731481481482
0 0.8528934907407408 0.933525 0.8792026041666666 0.9402083333333334 0.8810817708333333 0.9276768518518518 0.8829609374999999 0.9101328703703703 0.8970552083333333 0.9067912037037037 0.9050416666666666 0.9126393518518519 0.9120888009259259 0.9092976851851852 0.9285320324074073 0.913474537037037 0.9426260416666666 0.9201578703703703 0.950612761574074 0.9226643518518519 0.9529617175925926 0.9360310185185186 0.9562505208333334 0.9377018518518518 0.9604786458333334 0.9310185185185185 0.9585994791666667 0.9193226851851852 0.8481955717592592 0.8892472222222223 0.8528934907407408 0.933525
0 0.7833625 0.9042851851851852 0.8402088541666667 0.9268416666666667 0.8403021990740741 0.8918021805555555 0.7824229166666667 0.8775513888888888 0.7833625 0.9042851851851852
0 0.8646385416666666 0.9577523148148148 0.8702763009259259 0.9552458333333333 0.8568670925925926 0.9505736550925926 0.857121875 0.9569166666666666 0.8646385416666666 0.9577523148148148
0 0.8754440115740741 0.9978523148148148 0.8754440115740741 0.9903337962962964 0.8614604166666666 0.9824398148148148 0.8636989583333333 0.9911689814814815 0.8702763009259259 0.9970171296296297 0.8754440115740741 0.9978523148148148
0 0.8425578125000001 0.9477273148148149 0.7880606759259259 0.9218287037037037 0.7875908865740741 0.9276768518518518 0.8397390625 0.9527398148148148 0.8425578125000001 0.9477273148148149
0 0.8365091157407407 0.9681550925925926 0.7918190092592593 0.9443851851851852 0.7927585949074074 0.9493981481481482 0.8345710949074074 0.9736254629629629 0.8365091157407407 0.9681550925925926
0 0.7739145833333333 0.8742782407407407 0.7544341157407408 0.8685050925925927 0.7502598958333334 0.8924236111111111 0.7762335949074074 0.8969597222222222 0.7739145833333333 0.8742782407407407
0 0.7755359374999999 0.9165699074074074 0.7479408842592592 0.9043828703703704 0.7470130208333333 0.9085064814814815 0.7762335949074074 0.9217032407407407 0.7755359374999999 0.9165699074074074
0 0.7792484375000001 0.9410856481481481 0.7776236967592594 0.9358685185185186 0.7479408842592592 0.9204657407407408 0.7500278657407408 0.9278888888888889 0.7734507824074074 0.9406731481481481 0.7792484375000001 0.9410856481481481
0 0.7347218750000001 0.8647935185185185 0.7126906249999999 0.8602574074074073 0.7147778657407408 0.8792268518518519 0.7349539074074074 0.8858254629629629 0.7347218750000001 0.8647935185185185
0 0.7339932291666668 0.8972717592592593 0.7159375 0.890774074074074 0.7161692708333334 0.8936606481481482 0.7330986990740741 0.9014962962962962 0.7339932291666668 0.8972717592592593
0 0.729609375 0.9091476851851852 0.7196479166666667 0.9060324074074074 0.72034375 0.9118060185185185 0.7277648449074073 0.9151050925925927 0.729609375 0.9091476851851852
0 0.7108213541666666 0.8891069444444445 0.695065625 0.8817013888888888 0.6955294282407407 0.885412962962963 0.7096757824074075 0.8920111111111111 0.7108213541666666 0.8891069444444445
0 0.7091510416666666 0.9006115740740741 0.6983125 0.8953101851851852 0.6983125 0.8990217592592593 0.7092119791666667 0.9047953703703704 0.7091510416666666 0.9006115740740741
0 0.7089424490740741 0.8583037037037037 0.6929783842592593 0.8553083333333333 0.6948338541666667 0.8738662037037037 0.7089802083333333 0.8755157407407408 0.7089424490740741 0.8583037037037037
0 0.6891104166666666 0.8542212962962963 0.6839341157407408 0.8532467592592593 0.6832382824074074 0.8680925925925926 0.689963800925926 0.8701546296296295 0.6891104166666666 0.8542212962962963
0 0.6897367199074075 0.8787152777777778 0.6816151041666666 0.8755157407407408 0.6827744791666667 0.8792268518518519 0.6894997407407407 0.8825263888888889 0.6897367199074075 0.8787152777777778
0 0.6894997407407407 0.8895365740740742 0.6891104166666666 0.8905912037037038 0.6820789074074075 0.8878870370370371 0.6820789074074075 0.8924236111111111 0.689963800925926 0.8948976851851852 0.6894997407407407 0.8895365740740742
0 0.6725705717592592 0.8499476851851852 0.6646856782407407 0.8487101851851853 0.6672367199074074 0.8631439814814814 0.6746578125 0.8656180555555556 0.6725705717592592 0.8499476851851852
0 0.6551773425925925 0.8466481481481481 0.6572645833333334 0.8586074074074075 0.6623666666666667 0.8619069444444444 0.6623666666666667 0.8511847222222222 0.6616836597222222 0.8482700648148148 0.6551773425925925 0.8466481481481481
0 0.6746578125 0.8726287037037037 0.6667729166666667 0.8676800925925926 0.6672367199074074 0.8722166666666666 0.6739619791666667 0.8755157407407408 0.6746578125 0.8726287037037037
0 0.6862531249999999 0.8454111111111111 0.7426067708333334 0.8565458333333333 0.7453248032407408 0.8338664305555555 0.6867169282407408 0.8342768518518519 0.6862531249999999 0.8454111111111111
0 0.6772085949074074 0.842524537037037 0.6790640625000001 0.8334518518518519 0.6544567708333333 0.8300981481481481 0.6535541666666667 0.836338425925926 0.6551773425925925 0.8404625 0.6772085949074074 0.842524537037037
0 0.6431182291666666 0.8532467592592593 0.6440458333333333 0.8458236111111112 0.6410963541666667 0.8434587962962963 0.6407992199074074 0.8404625 0.6407992199074074 0.8499476851851852 0.6431182291666666 0.8532467592592593
0 0.40378906249999996 0.8455944444444445 0.4202872384259259 0.8407050925925925 0.4166210925925926 0.8321481481481482 0.3998934884259259 0.8321481481481482 0.40378906249999996 0.8455944444444445
0 0.36987604166666666 0.8455944444444445 0.3742296875 0.8337777777777778 0.36552213657407406 0.8354078703703705 0.3650640625 0.8350004629629629 0.36758463657407403 0.8464092592592593 0.36987604166666666 0.8455944444444445
0 0.35979375 0.8427421296296296 0.35841875 0.8337777777777778 0.31311614583333336 0.8352319444444445 0.31831901157407405 0.8545587962962963 0.35796067824074074 0.8496694444444445 0.35979375 0.8427421296296296
0 0.3035859375 0.8567175925925925 0.31046015509259256 0.8550875 0.30221119907407407 0.8355291666666667 0.22407369675925926 0.8371587962962963 0.23621822916666665 0.8648671296296295 0.28044270833333335 0.8599773148148148 0.3035859375 0.8567175925925925
0 0.21880338657407405 0.8379740740740741 0.21534557407407406 0.8377990740740741 0.22567760416666666 0.8660893518518519 0.22819817592592595 0.8648671296296295 0.21880338657407405 0.8379740740740741
0 0.15253854166666667 0.864826388888889 0.15368437499999998 0.8574921296296296 0.15368437499999998 0.8477125 0.15528828240740739 0.8456754629629629 0.1612460925925926 0.8464902777777779 0.16147526157407407 0.8526023148148149 0.1584963541666667 0.8554546296296296 0.1575796875 0.8623814814814815 0.15414270833333335 0.866863888888889 0.15024713425925926 0.8741981481481481 0.14978880092592592 0.8794953703703704 0.19492994907407407 0.8697162037037037 0.21096979166666666 0.8693087962962963 0.22082291666666667 0.8672712962962963 0.2084492199074074 0.8383407407407408 0.0400296875 0.8424157407407408 0.06592291666666666 0.8884597222222221 0.1461226574074074 0.8766430555555554 0.15253854166666667 0.864826388888889
0 0.054021875000000004 0.8922083333333334 0.02767057175925926 0.8408671296296296 0.02067581944444444 0.8396755347222222 0.04371067592592593 0.8877259259259259 0.054021875000000004 0.8922083333333334
0 0.009110155092592593 0.8433115740740741 0.0017776041666666667 0.8445342592592593 0 0.8991351851851852 0.035003124999999996 0.8926157407407408 0.009110155092592593 0.8433115740740741