0 0.9997395833333333 0.9248884259259259 0.9997395833333333 0.9232777777777778 0.7844903657407407 0.9184578703703704 0.7989552083333332 0.959612962962963 0.9997395833333333 0.9969097222222223 0.9997395833333333 0.9248884259259259
0 0.8453296875 0.9995370370370371 0.9054645833333334 0.9983342592592592 0.8436984375000001 0.9861837962962964 0.8453296875 0.9995370370370371
0 0.8331257824074074 0.9839287037037038 0.8044570324074074 0.977448611111111 0.8100945324074075 0.9995370370370371 0.8345242175925925 0.9995370370370371 0.8331257824074074 0.9839287037037038
0 0.7786177083333333 0.9674236111111112 0.7734963541666666 0.967388425925926 0.774859113425926 0.9966634259259259 0.7861346365740741 0.9995370370370371 0.7786177083333333 0.9674236111111112
0 0.7646153657407407 0.9636291666666666 0.7283486967592593 0.9573986111111111 0.7321070324074074 0.9841319444444444 0.7649934907407407 0.9924865740740741 0.7646153657407407 0.9636291666666666
0 0.6992208333333333 0.9532212962962964 0.7114356782407407 0.9582342592592593 0.712375261574074 0.9707652777777779 0.7231807291666668 0.9749425925925926 0.7241203125 0.9565629629629631 0.7245903657407408 0.9557277777777777 0.6992208333333333 0.9482087962962963 0.6992208333333333 0.9532212962962964
0 0.7584161458333334 0.9164629629629629 0.6823078125 0.9147921296296296 0.6860664074074074 0.9373486111111111 0.7734497407407408 0.9532212962962964 0.7584161458333334 0.9164629629629629
0 0.6672742199074074 0.9131212962962962 0.6404953125 0.9131212962962962 0.6414348958333334 0.9273231481481481 0.6752609374999999 0.9356777777777778 0.6672742199074074 0.9131212962962962
0 0.6715023449074075 0.9565629629629631 0.6715023449074075 0.9440319444444444 0.660696875 0.9398546296296296 0.6611666666666667 0.9406902777777778 0.6611666666666667 0.9565629629629631 0.6715023449074075 0.9565629629629631
0 0.64789375 0.9395703703703704 0.6545895833333333 0.9490444444444444 0.6541197916666667 0.9406902777777778 0.64789375 0.9395703703703704
0 0.7236164050925926 0.9902004629629629 0.7130434884259259 0.9864592592592593 0.7127723958333333 0.9903189814814815 0.7228104166666667 0.9951430555555555 0.7236164050925926 0.9902004629629629
0 0.7336622407407408 0.9995370370370371 0.7455994791666667 0.9995370370370371 0.7328484375000001 0.9947087777777779 0.7328484375000001 0.998037962962963 0.7336622407407408 0.9995370370370371
0 0.6731625 0.969574074074074 0.6610971342592592 0.9641509259259259 0.6617679675925926 0.9686092592592593 0.6731625 0.9724685185185186 0.6731625 0.969574074074074
0 0.6701781250000001 0.9821175925925927 0.6718059907407408 0.9801875 0.6632950509259259 0.9763074074074074 0.6633955717592592 0.9768106481481481 0.6636669282407408 0.9816347222222221 0.6701781250000001 0.9821175925925927
0 0.6899976550925926 0.9535481481481481 0.6924955740740741 0.956139351851852 0.6929119791666666 0.9535481481481481 0.6937445300925925 0.9479958333333334 0.6871106782407408 0.9462787037037037 0.6875 0.9465152777777779 0.6862510416666666 0.9516972222222222 0.6899976550925926 0.9535481481481481
0 0.40455989583333335 0.9252342592592592 0.40342291666666663 0.9106356481481482 0.3912380208333333 0.9093175925925926 0.3914460949074074 0.916350462962963 0.3945684884259259 0.9244939814814814 0.40455989583333335 0.9252342592592592
0 0.4135106782407408 0.9256041666666667 0.416425 0.9274550925925925 0.4191309884259259 0.9211625 0.4191309884259259 0.9122787037037037 0.40792005324074077 0.9116351851851852 0.4080986967592593 0.9211625 0.4105966134259259 0.9222726851851852 0.4135106782407408 0.9256041666666667
0 0.4307875 0.9244939814814814 0.4332854166666667 0.9219027777777777 0.4330773449074074 0.9144995370370371 0.4268325509259259 0.9133893518518519 0.4264164074074074 0.9156101851851852 0.42912239583333334 0.9219027777777777 0.4307875 0.9244939814814814
0 0.43932213657407404 0.9237537037037037 0.442028125 0.9200518518518519 0.4424442708333333 0.9141296296296296 0.43474270833333334 0.9159805555555556 0.43432630324074073 0.9159805555555556 0.43474270833333334 0.9226430555555555 0.43932213657407404 0.9237537037037037
0 0.31573098842592595 0.9126342592592592 0.26273697916666666 0.9121296296296296 0.25108020833333333 0.9447032407407407 0.316025 0.9358194444444444 0.31573098842592595 0.9126342592592592
0 0.2263096365740741 0.9332282407407407 0.2431703125 0.9328583333333333 0.24858229166666668 0.9147208333333333 0.15054088657407408 0.9132402777777777 0.13180677083333334 0.9595092592592592 0.22297916666666667 0.946924074074074 0.2263096365740741 0.9332282407407407
0 0.14634270833333332 0.9109689814814814 0.14111432407407407 0.9121310185185185 0.12217213657407407 0.9513671296296295 0.1234210949074074 0.9587699074074074 0.14634270833333332 0.9109689814814814
0 0.08636927083333334 0.9465550925925926 0.11676015509259259 0.945074537037037 0.13320442824074075 0.9132412037037037 0.07804322916666667 0.9117606481481482 0.07679427083333333 0.9650624999999999 0.0826226574074074 0.9643222222222222 0.08636927083333334 0.9465550925925926