0 0.9997395833333333 0.8965944444444445 0.9978463541666666 0.8837333333333334 0.9146736990740741 0.8837333333333334 0.9269687499999999 0.9017384259259259 0.985551300925926 0.8965944444444445 0.9997395833333333 0.8965944444444445
0 0.9997395833333333 0.9467518518518518 0.9987046875 0.9036018518518518 0.9305848958333334 0.9068828703703703 0.9342013032407408 0.9287467592592592 0.9472195300925926 0.9506101851851851 0.9997395833333333 0.9467518518518518
0 0.9915432291666667 0.9753611111111111 0.9544518217592594 0.959612962962963 0.9761492175925925 0.9995370370370371 0.9927838541666667 0.9969097222222223 0.9915432291666667 0.9753611111111111
0 0.9342013032407408 0.9621851851851851 0.9327546875 0.9608990740740742 0.9255223958333333 0.9583268518518518 0.9443265625 0.9994819444444445 0.9501125 0.9994819444444445 0.9342013032407408 0.9621851851851851
0 0.9199286458333333 0.938324074074074 0.8980390625 0.879875 0.8915299490740741 0.879875 0.9125039050925926 0.937749537037037 0.9199286458333333 0.938324074074074
0 0.8734489583333334 0.8811611111111112 0.7331401041666666 0.8747305555555556 0.7454351550925926 0.8940222222222223 0.8980390625 0.9287467592592592 0.8734489583333334 0.8811611111111112
0 0.9233526041666666 0.9969097222222223 0.9074414050925925 0.9544685185185185 0.8658921875 0.9406388888888889 0.8712791666666667 0.9750462962962964 0.9045484375 0.9994819444444445 0.9233526041666666 0.9969097222222223
0 0.852475 0.9403212962962962 0.8220989583333334 0.9338912037037036 0.8235453125 0.959612962962963 0.8531981782407407 0.9750462962962964 0.852475 0.9403212962962962
0 0.8098036458333333 0.949324074074074 0.8040177083333333 0.9454657407407407 0.8033921875 0.9255925925925926 0.7852135416666667 0.9274606481481482 0.7931692708333334 0.9544685185185185 0.8098036458333333 0.9608990740740742 0.8098036458333333 0.949324074074074
0 0.7819078125 0.9186481481481481 0.7700255208333333 0.9171717592592593 0.7700255208333333 0.936463425925926 0.7801507824074074 0.9428935185185184 0.7819078125 0.9186481481481481
0 0.7207098958333333 0.8723518518518518 0.6796203125 0.8734444444444444 0.6796203125 0.8747305555555556 0.725184375 0.8875916666666667 0.7207098958333333 0.8723518518518518
0 0.7215682291666666 0.9107412037037037 0.7272203125 0.9047592592592593 0.7157822916666666 0.9017384259259259 0.7150591157407407 0.9197439814814815 0.720121875 0.9197439814814815 0.7215682291666666 0.9107412037037037
0 0.7085499999999999 0.9017384259259259 0.6940851550925926 0.8965944444444445 0.6955315092592592 0.9055967592592593 0.7099963541666667 0.9120273148148148 0.7085499999999999 0.9017384259259259
0 0.7939763032407408 0.9740333333333333 0.8443005208333333 0.9995370370370371 0.8517347129629629 0.9978062245370369 0.7944401041666667 0.9699092592592593 0.7939763032407408 0.9740333333333333
0 0.78346875 0.9644453703703704 0.7721770833333332 0.9591870370370371 0.7719450509259259 0.9633111111111111 0.7814533865740741 0.9682597222222222 0.78346875 0.9644453703703704
0 0.7833085949074075 0.9851675925925926 0.7721770833333332 0.9781569444444445 0.77148125 0.9831055555555556 0.7809895833333333 0.9897041666666667 0.7833085949074075 0.9851675925925926
0 0.70979375 0.9278458333333334 0.6944877592592592 0.9216597222222221 0.6954153657407408 0.9245462962962963 0.7086341157407406 0.9307324074074074 0.70979375 0.9278458333333334
0 0.7086341157407406 0.9389800925925926 0.697734375 0.9344439814814814 0.6975026041666667 0.9377430555555556 0.7093296875 0.9455782407407407 0.7086341157407406 0.9389800925925926
0 0.32028203240740744 0.8655189814814815 0.24025286342592592 0.8655189814814815 0.230715625 0.8898523148148149 0.32235546990740743 0.8787916666666666 0.32028203240740744 0.8655189814814815
0 0.2340328125 0.8655189814814815 0.231428125 0.8651199074074074 0.2236664074074074 0.8869027777777778 0.225325 0.8891148148148148 0.2340328125 0.8655189814814815
0 0.20168932175925924 0.8802666666666666 0.21869036574074074 0.8802666666666666 0.2265757824074074 0.8637925925925926 0.083096875 0.8692060185185185 0.06153463657407407 0.9090236111111111 0.19795755324074074 0.8920643518518518 0.20168932175925924 0.8802666666666666
0 0.0739742175925926 0.8706805555555556 0.06495208333333334 0.8710921296296297 0.0549 0.8861652777777778 0.06443723842592593 0.8854282407407408 0.0739742175925926 0.8706805555555556
0 0.0528265625 0.8728930555555556 0.052411979166666664 0.8728930555555556 0 0.8721555555555556 0.0001648425925925926 0.8876402777777778 0.04702135416666667 0.8876402777777778 0.0528265625 0.8728930555555556