0 0.9997395833333333 0.8820648148148149 0.7984458333333334 0.8742449074074075 0.8081005208333333 0.9094851851851852 0.9997395833333333 0.9456291666666666 0.9997395833333333 0.8820648148148149
0 0.998537761574074 0.9723277777777777 0.9590179699074075 0.962973148148148 0.9656236967592592 0.9995370370370371 0.9991609375 0.9995370370370371 0.998537761574074 0.9723277777777777
0 0.9463145833333334 0.9991166666666667 0.9463145833333334 0.9611657407407407 0.8390971342592592 0.9313472222222222 0.8426541666666666 0.9674912037037038 0.9193830740740742 0.9995370370370371 0.9463145833333334 0.9991166666666667
0 0.829442449074074 0.9340578703703704 0.8263934907407408 0.9313472222222222 0.8131820324074075 0.9223111111111111 0.8218203125 0.9620694444444444 0.8279179699074075 0.962973148148148 0.829442449074074 0.9340578703703704
0 0.7887911458333333 0.9168898148148149 0.7735468750000001 0.9105643518518519 0.7781203124999999 0.9421902777777779 0.7964132824074075 0.9503226851851851 0.7887911458333333 0.9168898148148149
0 0.7832015625 0.8997212962962963 0.7832015625 0.8970106481481481 0.7735468750000001 0.8735171296296296 0.6998666666666666 0.8680958333333334 0.7024075532407408 0.8807458333333332 0.7832015625 0.8997212962962963
0 0.7654169282407408 0.9123717592592593 0.7341531250000001 0.8999550925925925 0.7349283842592592 0.9241185185185186 0.765925 0.9394796296296297 0.7654169282407408 0.9123717592592593
0 0.7267981782407408 0.9232148148148148 0.7278143217592593 0.9078537037037037 0.7149416666666667 0.8958888888888888 0.7151109375 0.8997212962962963 0.7151109375 0.9159861111111112 0.7267981782407408 0.9232148148148148
0 0.6902414074074074 0.8910097222222222 0.6846226574074074 0.8879745370370371 0.686146875 0.9042393518518518 0.6947854166666666 0.9087574074074074 0.6902414074074074 0.8910097222222222
0 0.6806356782407407 0.8869439814814816 0.6703945300925925 0.885263888888889 0.6709028657407408 0.8943 0.6805575509259258 0.8988175925925925 0.6806356782407407 0.8869439814814816
0 0.6592156250000001 0.8671921296296297 0.688687761574074 0.8789388888888888 0.6870393240740741 0.8658013888888889 0.6592156250000001 0.8671921296296297
0 0.8443242199074074 0.990099537037037 0.8449111990740741 0.9989699074074074 0.8629635416666667 0.9991537037037038 0.8443242199074074 0.990099537037037
0 0.8023627592592594 0.9687055555555555 0.7774203125 0.9577476851851853 0.7777138009259259 0.9650527777777778 0.8044166666666667 0.9775763888888889 0.8023627592592594 0.9687055555555555
0 0.8076445324074074 0.9968828703703703 0.7829958333333334 0.9833162037037037 0.7829958333333334 0.988012037037037 0.8047101574074075 0.9995370370370371 0.8076445324074074 0.9968828703703703
0 0.7648026041666667 0.975488888888889 0.7686171875 0.9770541666666667 0.7674434907407408 0.9718365740740741 0.738979949074074 0.9567041666666667 0.7395669259259259 0.9624439814814815 0.7606945324074075 0.975488888888889 0.7648026041666667 0.975488888888889
0 0.7683239583333333 0.9551384259259259 0.7673432291666666 0.9550120370370371 0.7357523449074074 0.9379189814814815 0.7348718750000001 0.9426152777777778 0.7662697916666666 0.9587912037037036 0.7683239583333333 0.9551384259259259
0 0.7266557291666667 0.9337449074074073 0.7190046875 0.9291847222222223 0.7207869791666667 0.9358319444444445 0.7269492199074074 0.9405282407407407 0.7266557291666667 0.9337449074074073
0 0.7272424490740741 0.951486111111111 0.7250802083333333 0.9479680555555555 0.7134510416666666 0.9415717592592593 0.7155049490740741 0.9488768518518519 0.7243080740740742 0.953051388888889 0.7272424490740741 0.951486111111111
0 0.697018488425926 0.9327009259259259 0.6882153634259259 0.9264393518518518 0.6893890625 0.9332226851851851 0.6973117199074074 0.9379189814814815 0.697018488425926 0.9327009259259259
0 0.6946708333333333 0.9206995370370371 0.6954958333333333 0.9197925925925925 0.6867481759259259 0.9133944444444445 0.6867481759259259 0.9180907407407408 0.693790625 0.9212212962962963 0.6946708333333333 0.9206995370370371
0 0.6814960949074075 0.9104009259259259 0.6720760416666667 0.9066111111111111 0.6720760416666667 0.9097416666666667 0.6805859375 0.9149597222222222 0.6814960949074075 0.9104009259259259
0 0.67325 0.9206995370370371 0.6779450532407407 0.9248740740740741 0.6784407222222222 0.9200249837962963 0.67325 0.9170467592592593 0.67325 0.9206995370370371
0 0.37076614583333334 0.8611777777777777 0.33831328240740743 0.8606412037037038 0.339103125 0.8739833333333332 0.37069505324074076 0.8683657407407408 0.37076614583333334 0.8611777777777777
0 0.3217276041666666 0.8655564814814815 0.3331796875 0.859236574074074 0.27591927083333334 0.859236574074074 0.2723653657407408 0.8767921296296296 0.31382968749999995 0.875387962962963 0.3217276041666666 0.8655564814814815
0 0.16969166666666666 0.8922412037037036 0.23761432407407407 0.8824101851851851 0.24630208333333334 0.8683657407407408 0.2636776041666667 0.8655564814814815 0.2644674490740741 0.8578324074074074 0.1649528634259259 0.8585342592592592 0.16060885416666668 0.8669611111111111 0.15981927083333336 0.8824101851851851 0.16969166666666666 0.8922412037037036
0 0.15587005324074074 0.859236574074074 0.15250338657407406 0.8580180555555555 0.13809973842592593 0.8894324074074075 0.14204869675925927 0.8894324074074075 0.15587005324074074 0.859236574074074
0 0.11667838425925926 0.8939537037037036 0.12876536574074074 0.8930189814814815 0.14610729166666667 0.8603115740740741 0.1392757800925926 0.8593773148148147 0.0005390625 0.8631152777777777 0.0010645833333333332 0.9004949074074075 0.072009375 0.9023638888888889 0.11667838425925926 0.8939537037037036