0 0.9987721342592593 0.8312902777777778 0.7604197916666666 0.8363722222222222 0.7558471342592592 0.8658486111111111 0.9997395833333333 0.9105712962962963 0.9987721342592593 0.8312902777777778
0 0.8702290416666666 0.9070383032407408 0.8753091134259259 0.9491953703703703 0.9593322916666667 0.9786712962962963 0.9690494791666666 0.966474537037037 0.9747653657407407 0.963425 0.9844822916666667 0.9329324074074073 0.8702290416666666 0.9070383032407408
0 0.9997395833333333 0.9573263888888889 0.9901981759259258 0.9929013888888889 0.9997395833333333 0.9995370370370371 0.9997395833333333 0.9583430555555557 0.9997395833333333 0.9573263888888889
0 0.9347541666666667 0.9995370370370371 0.8762460949074075 0.971201388888889 0.8764520833333334 0.9807041666666666 0.9158916666666668 0.9995370370370371 0.9347541666666667 0.9995370370370371
0 0.8546359375 0.9007680555555555 0.783854949074074 0.8882097222222222 0.7907140625000001 0.9197189814814815 0.8604476574074075 0.9430967592592593 0.8546359375 0.9007680555555555
0 0.8587520833333334 0.9657129629629629 0.793571875 0.9369981481481482 0.7941434907407408 0.9430967592592593 0.8570182291666667 0.9725726851851852 0.8587520833333334 0.9657129629629629
0 0.8613247384259259 0.9977277777777778 0.8027171875 0.963425 0.8027171875 0.9715564814814814 0.8547317708333333 0.9995370370370371 0.8613247384259259 0.9977277777777778
0 0.7775674467592593 0.8861768518518518 0.7535606759259259 0.8780458333333334 0.749559636574074 0.9054888888888889 0.7804255208333333 0.9136203703703705 0.7775674467592593 0.8861768518518518
0 0.7804255208333333 0.9319162037037038 0.7461299490740742 0.9166699074074074 0.7467015625000001 0.9187023148148148 0.7781390625 0.9369981481481482 0.7804255208333333 0.9319162037037038
0 0.7810583333333333 0.9538217592592593 0.7518458333333333 0.9349652777777777 0.749559636574074 0.9420800925925925 0.7798536458333333 0.960375925925926 0.7810583333333333 0.9538217592592593
0 0.74246875 0.8376527777777777 0.6803973958333333 0.837388888888889 0.6792541666666666 0.8536513888888889 0.7369846365740741 0.862799537037037 0.74246875 0.8376527777777777
0 0.7341268217592593 0.892275462962963 0.7332072916666666 0.8742412037037036 0.7095484375 0.8709305555555557 0.7112632824074074 0.8871935185185186 0.7255528657407407 0.892275462962963 0.7341268217592593 0.892275462962963
0 0.7055473958333333 0.8688976851851853 0.7054229166666667 0.8687532407407408 0.6872565115740741 0.8638157407407407 0.6889713541666667 0.8780458333333334 0.7055473958333333 0.8882097222222222 0.7055473958333333 0.8688976851851853
0 0.6827835949074074 0.8797296296296296 0.681540625 0.8648319444444444 0.678111199074074 0.862799537037037 0.6706804699074075 0.8770291666666666 0.6827835949074074 0.8797296296296296
0 0.6724929699074074 0.8385675925925925 0.6449591157407407 0.837388888888889 0.6478169282407408 0.8455203703703703 0.6683940115740741 0.8526351851851851 0.6724929699074074 0.8385675925925925
0 0.6666794282407408 0.8607666666666667 0.6580861967592592 0.8596060185185186 0.6592486967592592 0.8709305555555557 0.6632497407407407 0.8770291666666666 0.6666794282407408 0.8607666666666667
0 0.6518179699074074 0.8587337962962963 0.6472812499999999 0.856861574074074 0.6483885416666667 0.8658486111111111 0.6518179699074074 0.8709305555555557 0.6518179699074074 0.8587337962962963
0 0.7257716157407408 0.9065490740740741 0.7251421874999999 0.9069166666666667 0.7122653657407407 0.9026893518518518 0.7125065115740741 0.9065490740740741 0.7252893240740741 0.9116958333333334 0.7257716157407408 0.9065490740740741
0 0.7229710925925926 0.9223555555555556 0.7144359375 0.9177 0.7161242175925926 0.9224175925925926 0.7219127592592592 0.9262777777777778 0.7229710925925926 0.9223555555555556
0 0.7056023449074075 0.8991972222222222 0.6895940115740741 0.892825 0.6905585925925926 0.8962560185185184 0.7043062499999999 0.9035467592592593 0.7056023449074075 0.8991972222222222
0 0.7051682291666667 0.9146361111111111 0.6915234375 0.9056912037037037 0.6924880208333334 0.910837962962963 0.701653125 0.9159847222222223 0.7051682291666667 0.9146361111111111
0 0.6834572916666667 0.8910916666666666 0.6756052083333333 0.8868203703703704 0.6741580740740741 0.8898226851851851 0.6816348958333334 0.8936824074074075 0.6834572916666667 0.8910916666666666
0 0.6834572916666667 0.9030569444444445 0.6787406250000001 0.8992578703703704 0.6760875 0.9009736111111111 0.6821171874999999 0.9052625 0.6834572916666667 0.9030569444444445
0 0.6645106782407408 0.8816736111111111 0.6589635416666667 0.880387037037037 0.6592046875 0.8829606481481482 0.6661989583333333 0.8859625 0.6645106782407408 0.8816736111111111
0 0.6545820300925925 0.8768111111111111 0.6488338541666666 0.8760981481481481 0.6493161458333333 0.8782425925925926 0.6541398449074074 0.8799583333333333 0.6545820300925925 0.8768111111111111
0 0.3932390625 0.8457425925925925 0.39337812499999997 0.8453282407407408 0.29411119907407407 0.8487217592592593 0.3030466157407407 0.8730523148148147 0.3904466157407407 0.859149074074074 0.3932390625 0.8457425925925925
0 0.2843380208333333 0.8507078703703704 0.19757005092592592 0.8538185185185185 0.2131335925925926 0.8864592592592593 0.2899226574074074 0.8745421296296297 0.2843380208333333 0.8507078703703704
0 0.2961257824074074 0.872975925925926 0.28983723842592596 0.8500365740740741 0.2887109375 0.8499421296296297 0.28870833333333334 0.8503236111111112 0.2954809884259259 0.8741231481481481 0.2961257824074074 0.872975925925926
0 0.20501953240740742 0.8870263888888889 0.191796875 0.8523305555555555 0.18801317824074074 0.851861363425926 0.201471875 0.888173611111111 0.20501953240740742 0.8870263888888889
0 0.0249765625 0.9105953703703704 0.028201562500000003 0.9151833333333333 0.11043932175925926 0.9045740740740741 0.11624427083333334 0.8982657407407407 0.119146875 0.8908101851851852 0.11543802083333334 0.8859356481481482 0.11801796990740741 0.8721722222222221 0.12027552083333333 0.8604157407407407 0.1268867199074074 0.8664375 0.12704817824074074 0.8764731481481481 0.124790625 0.8882296296296296 0.12204921759259259 0.899986111111111 0.11688932407407407 0.9034268518518518 0.19557942824074073 0.8882296296296296 0.1800994791666667 0.8541074074074074 0 0.8586953703703704 0.00030520833333333333 0.8790541666666667 0.016430208333333335 0.909162037037037 0.0249765625 0.9105953703703704
0 0 0.9197712962962963 0.012560416666666666 0.918050925925926 0 0.8968319444444445 0 0.9197712962962963