0 0.7052992199074074 0.8483328703703704 0.7020994791666667 0.8131958333333332 0.6425036458333333 0.8154592592592592 0.6389822916666666 0.8389402777777777 0.6774226574074075 0.845723611111111 0.7052992199074074 0.8483328703703704
0 0.7047125 0.8608560185185185 0.7041255208333334 0.8603342592592592 0.6747817708333333 0.855637962962963 0.6768359375 0.8728574074074075 0.7050059907407408 0.8848587962962964 0.7047125 0.8608560185185185
0 0.6683260416666668 0.8551162037037037 0.6557083333333333 0.8525069444444445 0.6574690092592592 0.8676393518518518 0.6694997384259259 0.8692046296296296 0.6683260416666668 0.8551162037037037
0 0.6436773449074075 0.8608560185185185 0.6513067708333333 0.8639865740740741 0.6503270833333333 0.850762962962963 0.6425036458333333 0.8488546296296297 0.6433838541666667 0.8519851851851852 0.6433838541666667 0.8582467592592593 0.6436773449074075 0.8608560185185185
0 0.6342710925925926 0.8169180555555555 0.6125437499999999 0.8156300925925926 0.6141369791666667 0.8354638888888888 0.6322432291666666 0.8357212962962963 0.6342710925925926 0.8169180555555555
0 0.6067497384259259 0.8130546296296296 0.6060255208333333 0.8148574074074074 0.5944375000000001 0.8171759259259259 0.5955963541666667 0.8323726851851851 0.6066049467592592 0.8336606481481481 0.6067497384259259 0.8130546296296296
0 0.5905265625 0.8179486111111111 0.5837187500000001 0.8174333333333332 0.5840083333333334 0.8297972222222222 0.5902369791666666 0.8308273148148148 0.5905265625 0.8179486111111111
0 0.7046677083333334 0.8952217592592592 0.6771463541666667 0.883887962962963 0.6765669259259259 0.8867212962962964 0.7046677083333334 0.8983125000000001 0.7046677083333334 0.8952217592592592
0 0.7027846365740741 0.9096458333333333 0.6814156250000001 0.8984023148148148 0.6807677083333333 0.9016611111111111 0.7027846365740741 0.9122217592592592 0.7027846365740741 0.9096458333333333
0 0.67019375 0.883887962962963 0.6709179699074075 0.8810546296296295 0.6574239583333333 0.8752217592592593 0.657446875 0.875387962962963 0.6570122407407408 0.8782212962962963 0.67019375 0.883887962962963
0 0.6684554675925926 0.8944486111111111 0.6714973958333333 0.8965092592592592 0.6709179699074075 0.8934185185185185 0.659640625 0.8877393518518518 0.6603440115740741 0.8918731481481481 0.6655585949074074 0.8944486111111111 0.6684554675925926 0.8944486111111111
0 0.6522322916666666 0.8730699074074074 0.6457140625 0.8712666666666666 0.6445552083333334 0.8720398148148149 0.6538257824074074 0.8759032407407408 0.6522322916666666 0.8730699074074074
0 0.6512184907407408 0.885175925925926 0.652956511574074 0.8880092592592592 0.652956511574074 0.8841458333333334 0.6462934884259259 0.8813124999999999 0.6464382800925926 0.8844032407407408 0.6493354166666667 0.8862064814814815 0.6512184907407408 0.885175925925926
0 0.6222484375 0.8532365740740742 0.6231177083333334 0.8475699074074073 0.6244213541666667 0.8449939814814814 0.6244213541666667 0.8444787037037037 0.618959375 0.8462462962962962 0.618482550925926 0.8540092592592593 0.6212346365740741 0.8547819444444444 0.6222484375 0.8532365740740742
0 0.4449164074074074 0.8350425925925926 0.4456320324074074 0.8345333333333333 0.44463020833333333 0.8304615740740742 0.4403364583333333 0.8307157407407407 0.44105208333333334 0.8365694444444445 0.4449164074074074 0.8350425925925926
0 0.46280650925925926 0.8286796296296296 0.4599440092592592 0.8286796296296296 0.4595148449074074 0.8286796296296296 0.4473494791666667 0.8299523148148148 0.4496393240740741 0.8378421296296296 0.4609460949074074 0.8335152777777778 0.46280650925925926 0.8286796296296296
0 0.43804661342592593 0.8289342592592592 0.43790833333333334 0.8297402777777777 0.4313197916666667 0.8307157407407407 0.43346666666666667 0.8393689814814814 0.4371877615740741 0.8383509259259259 0.43804661342592593 0.8289342592592592
0 0.4291729166666667 0.8391143518518519 0.4282458333333333 0.8304273148148148 0.4245929675925926 0.8309703703703704 0.4243067708333333 0.836824074074074 0.42588125000000004 0.840387037037037 0.4291729166666667 0.8391143518518519
0 0.418009375 0.8324972222222222 0.40670286574074077 0.8327518518518519 0.4098515625 0.8429319444444444 0.418009375 0.841150462962963 0.418009375 0.8324972222222222
0 0.4044114583333333 0.8329467592592593 0.3905302083333333 0.8337699074074074 0.39310625 0.8457314814814815 0.40570104166666665 0.8429319444444444 0.4044114583333333 0.8329467592592593
0 0.3858070324074074 0.8332611111111111 0.368203125 0.8332611111111111 0.37163802083333336 0.8495490740740741 0.38952838657407407 0.8470041666666667 0.3858070324074074 0.8332611111111111
0 0.3638151041666667 0.8335662037037037 0.3630994791666666 0.8345842592592592 0.33619270833333337 0.8363657407407408 0.340915625 0.8549444444444445 0.36581875 0.8498546296296297 0.3638151041666667 0.8335662037037037
0 0.3067096365740741 0.8605435185185185 0.3336164050925926 0.8557083333333333 0.330203125 0.8354662037037037 0.28753125 0.8363657407407408 0.2949736990740741 0.8536722222222223 0.3058507824074074 0.8526541666666667 0.3067096365740741 0.8605435185185185
0 0.234146875 0.8610777777777777 0.23457630092592593 0.8712578703703704 0.2872450509259259 0.8638773148148148 0.27994583333333334 0.837663425925926 0.21010260416666668 0.8386814814814815 0.21038880324074075 0.8386814814814815 0.21496875000000001 0.8618412037037038 0.234146875 0.8610777777777777
0 0.20463489583333333 0.8410472222222223 0.20098255324074074 0.8393597222222223 0.2099304699074074 0.8644615740740741 0.21236354166666668 0.865225462962963 0.20463489583333333 0.8410472222222223
0 0.19609974074074074 0.8415564814814814 0.19504583333333333 0.8413018518518519 0.000014583333333333333 0.8499550925925926 0 0.9194347222222222 0.2086945300925926 0.877950462962963 0.19609974074074074 0.8415564814814814