0 0.9997395833333333 0.829811574074074 0.7761166666666667 0.8320398148148148 0.7702695324074074 0.8617472222222223 0.9997395833333333 0.9055657407407408 0.9997395833333333 0.829811574074074
0 0.9997395833333333 0.9308171296296296 0.9415075532407408 0.9181916666666666 0.9465192708333333 0.9694370370370371 0.9997395833333333 0.990975 0.9997395833333333 0.9308171296296296
0 0.92825 0.9141430555555556 0.8258174490740741 0.8899694444444444 0.832499738425926 0.930074537037037 0.9323190115740742 0.9657236111111112 0.92825 0.9141430555555556
0 0.8166289050925926 0.8862560185185185 0.8165898449074075 0.8874078703703704 0.7673458333333334 0.8780865740740741 0.7736106782407407 0.9063087962962962 0.8199703125 0.9241333333333333 0.8166289050925926 0.8862560185185185
0 0.7268333333333333 0.8461509259259259 0.7543986990740741 0.8468935185185186 0.7589927083333333 0.8364958333333333 0.6880114583333333 0.8326013888888889 0.68715625 0.8498643518518518 0.7247450532407407 0.8528351851851852 0.7268333333333333 0.8461509259259259
0 0.7527278634259259 0.8743731481481481 0.7319986967592592 0.868025 0.7339335925925925 0.8921976851851852 0.7464632800925926 0.8973962962962964 0.7527278634259259 0.8743731481481481
0 0.7034447916666666 0.8810569444444445 0.7076213541666667 0.8832851851851852 0.7105450532407408 0.867688888888889 0.7117979166666666 0.8832851851851852 0.7201510416666667 0.8892268518518519 0.7214039050925926 0.8788291666666667 0.7214718750000001 0.868025 0.7230744791666667 0.8662032407407407 0.7009388032407408 0.8617472222222223 0.7034447916666666 0.8810569444444445
0 0.6938388009259259 0.867688888888889 0.6959270833333333 0.8773435185185186 0.6988505208333334 0.8795717592592593 0.696282550925926 0.8593361111111112 0.6859033865740741 0.8587763888888889 0.6850679699074074 0.8736300925925926 0.6917505208333333 0.8758583333333333 0.6938388009259259 0.867688888888889
0 0.6778898449074074 0.848312962962963 0.6773953125 0.8475541666666666 0.6791593749999999 0.8319458333333333 0.6509122407407408 0.8347675925925926 0.6509122407407408 0.840975925925926 0.6778898449074074 0.848312962962963
0 0.6448820324074075 0.8353319444444445 0.6316833333333334 0.8338407407407408 0.6309171874999999 0.8404115740740741 0.6423429699074075 0.8415402777777777 0.6448820324074075 0.8353319444444445
0 0.6268265625 0.8333328703703704 0.6172697916666666 0.8358967592592592 0.6182218749999999 0.8387185185185184 0.6261565115740741 0.8387185185185184 0.6268265625 0.8333328703703704
0 0.6778898449074074 0.8567787037037037 0.6682528634259258 0.8536490740740741 0.6696380208333332 0.8680662037037037 0.6753507824074073 0.8703240740740741 0.6778898449074074 0.8567787037037037
0 0.6636075532407408 0.8533925925925926 0.6556820324074074 0.852125462962963 0.6578947916666666 0.8646800925925926 0.6632903634259258 0.8658087962962964 0.6636075532407408 0.8533925925925926
0 0.6521817708333333 0.8505703703703703 0.6499682291666666 0.8495856481481482 0.6496427083333333 0.8618583333333333 0.6524992199074074 0.862987037037037 0.6521817708333333 0.8505703703703703
0 0.663925 0.8731458333333334 0.6571106759259259 0.8714259259259259 0.6553557291666666 0.8748388888888889 0.6642424490740741 0.8787898148148149 0.663925 0.8731458333333334
0 0.6718596342592592 0.8742745370370371 0.6693205717592592 0.8765319444444445 0.6696380208333332 0.8804828703703704 0.6715421874999999 0.8804828703703704 0.6718596342592592 0.8742745370370371
0 0.6905851574074074 0.886126388888889 0.6851895833333332 0.8844333333333333 0.6874114583333333 0.8889486111111111 0.6909026041666666 0.8889486111111111 0.6905851574074074 0.886126388888889
0 0.7188322916666666 0.89685 0.7048223958333333 0.89225 0.7051848958333333 0.8962856481481482 0.7185148449074075 0.9013648148148148 0.7188322916666666 0.89685
0 0.7407315115740741 0.9126527777777779 0.7429533842592593 0.9075731481481482 0.7356536458333333 0.9047513888888888 0.7347013032407408 0.9013648148148148 0.7362882824074075 0.9098305555555556 0.7407315115740741 0.9126527777777779
0 0.8232450532407407 0.942799074074074 0.7744231782407408 0.921438425925926 0.7749348958333334 0.9280074074074074 0.8235648425925925 0.949626388888889 0.8232450532407407 0.942799074074074
0 0.8238848958333334 0.9729518518518518 0.8235648425925925 0.9684004629629629 0.7801830717592593 0.9449898148148148 0.7813335949074074 0.9524708333333334 0.8133270833333334 0.9712453703703703 0.8238848958333334 0.9729518518518518
0 0.8997091134259259 0.9877439814814815 0.9313825509259259 0.9995370370370371 0.932342449074074 0.9917263888888889 0.8357223958333334 0.9501949074074074 0.8360421875 0.9558842592592592 0.8494794282407407 0.963849074074074 0.8997091134259259 0.9877439814814815
0 0.8833924490740741 0.9985532407407407 0.8446804675925926 0.9803476851851852 0.844040625 0.9848990740740741 0.8641966157407408 0.9979842592592593 0.8833924490740741 0.9985532407407407
0 0.4082882824074074 0.8438842592592593 0.3874958333333333 0.8427231481481482 0.39192083333333333 0.8560013888888889 0.40989765740740736 0.8510833333333333 0.4082882824074074 0.8438842592592593
0 0.3809033865740741 0.842999074074074 0.3498833333333333 0.8456736111111112 0.35513802083333335 0.861411111111111 0.3841770833333333 0.8555097222222222 0.3809033865740741 0.842999074074074
0 0.34156849074074075 0.8456546296296296 0.2915283865740741 0.8456736111111112 0.29954869907407405 0.8678046296296296 0.34711770833333333 0.861411111111111 0.34156849074074075 0.8456546296296296
0 0.2804169282407407 0.8453777777777778 0.18832109490740742 0.8488203703703704 0.20546822916666668 0.8847217592592592 0.28705442824074073 0.8684921296296296 0.2804169282407407 0.8453777777777778
0 0.1823742199074074 0.8494569444444444 0.17909557175925925 0.8502342592592592 0.19155416666666666 0.8821055555555555 0.19439557407407407 0.8797731481481482 0.1823742199074074 0.8494569444444444
0 0.14980703240740742 0.8797731481481482 0.14652838657407408 0.8735546296296297 0.1495882800925926 0.8591736111111111 0.15833125 0.8615055555555555 0.15898697916666665 0.8688902777777777 0.15570833333333334 0.8704453703703704 0.15767552083333333 0.8762754629629629 0.1554898449074074 0.880550462962963 0.1495882800925926 0.8887129629629629 0.14718411574074072 0.8937657407407408 0.17385 0.8887129629629629 0.18762005092592593 0.8844375 0.17013411574074075 0.8510115740740741 0.030466666666666666 0.8568416666666666 0.027188020833333333 0.9108671296296296 0.14412395833333333 0.8925995370370371 0.14980703240740742 0.8797731481481482
0 0 0.8613745370370371 0.0005638032407407407 0.9116476851851851 0.007101300925925926 0.8615703703703703 0 0.8613745370370371