0 0.9985817708333333 0.9357592592592593 0.9997395833333333 0.8506129629629631 0.8396059907407407 0.8500231481481481 0.7418750000000001 0.8507953703703705 0.7531682291666667 0.8878703703703704 0.9985817708333333 0.9357592592592593
0 0.9247403657407408 0.975923611111111 0.9490645833333333 0.979013425925926 0.9534083333333334 0.9743791666666667 0.953842449074074 0.9666550925925926 0.9295184884259259 0.9666550925925926 0.9190937499999999 0.9682000000000001 0.9130127615740741 0.9674273148148148 0.9095377615740742 0.9604759259259259 0.9012848958333334 0.9612481481481482 0.8947695300925926 0.9627930555555556 0.8895572916666666 0.9597032407407406 0.8891229166666667 0.9473449074074074 0.8960726550925926 0.9442555555555556 0.8982445324074073 0.9442555555555556 0.8939010416666667 0.9403935185185185 0.8856481782407407 0.9411657407407407 0.8847794282407407 0.9334421296296297 0.8965070324074075 0.934986574074074 0.9043255208333334 0.9396212962962963 0.9182250000000001 0.9396212962962963 0.9251747384259259 0.9434828703703704 0.926912238425926 0.9458004629629629 0.9516708333333334 0.9465726851851852 0.9607924490740741 0.9488898148148147 0.9629640625 0.9604759259259259 0.9647015625 0.9821027777777778 0.9668734375 0.997550925925926 0.9911973958333333 0.9995370370370371 0.9997395833333333 0.9995370370370371 0.9997395833333333 0.9548791666666666 0.8674049490740741 0.9249453703703703 0.8717484375 0.9658824074074074 0.8921635416666667 0.9774685185185185 0.9247403657407408 0.975923611111111
0 0.8582833333333333 0.9203111111111112 0.8574145833333333 0.9226282407407408 0.7926950532407407 0.9056356481481481 0.7961697916666667 0.9403935185185185 0.8613239583333333 0.9604759259259259 0.8582833333333333 0.9203111111111112
0 0.8999820300925926 0.9990958333333333 0.8754502592592592 0.9882444444444445 0.8752234375 0.994461111111111 0.8843450532407408 0.9995370370370371 0.8999820300925926 0.9990958333333333
0 0.8617653657407408 0.9826837962962963 0.7948669282407408 0.9542967592592592 0.7961697916666667 0.9581587962962963 0.8608895833333333 0.9890546296296295 0.8617653657407408 0.9826837962962963
0 0.8461213541666667 0.9995370370370371 0.8031197916666666 0.9774685185185185 0.8035539074074074 0.9851925925925926 0.827878125 0.9995370370370371 0.8461213541666667 0.9995370370370371
0 0.7666333333333334 0.9280351851851852 0.7709770833333333 0.931124537037037 0.780967449074074 0.9326694444444444 0.7822703124999999 0.9326694444444444 0.7831390625 0.9071805555555555 0.7820015625000001 0.9055263888888889 0.7553401041666666 0.8994564814814815 0.7588148449074075 0.916449074074074 0.7631585925925926 0.9218560185185185 0.7666333333333334 0.9280351851851852
0 0.7853109375 0.9496620370370371 0.7730085949074074 0.9444527777777778 0.7740174490740741 0.9519796296296297 0.7857453125 0.9566138888888889 0.7853109375 0.9496620370370371
0 0.7870484375000001 0.9682000000000001 0.780967449074074 0.9651101851851851 0.7787955717592593 0.9712893518518518 0.7861796874999999 0.9736064814814815 0.7870484375000001 0.9682000000000001
0 0.7336221342592593 0.879374074074074 0.7258036458333333 0.8492504629629629 0.6732460925925926 0.8477060185185186 0.6784583333333333 0.8693328703703704 0.7336221342592593 0.879374074074074
0 0.7140757800925925 0.9056356481481481 0.7388343749999999 0.9156768518518519 0.7382096365740741 0.8944046296296295 0.7384000000000001 0.8932773148148149 0.7149445324074074 0.8855532407407408 0.7140757800925925 0.9056356481481481
0 0.7072601550925925 0.8821949074074075 0.7072723958333333 0.8846532407407408 0.6896351574074074 0.8817824074074074 0.6919541666666666 0.8978657407407407 0.7081877615740741 0.9036388888888889 0.7072601550925925 0.8821949074074075
0 0.6843013032407407 0.8953912037037037 0.6863885416666667 0.8962162037037037 0.6851440115740741 0.8787152777777778 0.6775760416666666 0.8784833333333333 0.6796630208333333 0.8871435185185185 0.6826778657407407 0.8916796296296297 0.6843013032407407 0.8953912037037037
0 0.7093473958333334 0.9151861111111111 0.693076824074074 0.9084055555555556 0.69265 0.9122990740740741 0.7084197916666667 0.9184851851851852 0.7093473958333334 0.9151861111111111
0 0.7394955717592593 0.9296194444444444 0.7153770833333333 0.9188972222222221 0.7156088541666668 0.9230212962962964 0.7392635416666666 0.9329185185185186 0.7394955717592593 0.9296194444444444
0 0.7397273425925925 0.9506513888888889 0.7401911458333333 0.9461152777777777 0.7200065092592594 0.9354976851851852 0.7200151041666666 0.9341560185185186 0.7186236967592593 0.9386921296296296 0.7397273425925925 0.9506513888888889
0 0.7093473958333334 0.9296194444444444 0.6954328125000001 0.9217842592592592 0.6956648449074074 0.9259078703703705 0.7091153657407406 0.9337435185185186 0.7093473958333334 0.9296194444444444
0 0.6686523449074074 0.8776018518518519 0.6587914074074074 0.8739472222222223 0.6606466157407408 0.8850814814814816 0.6685315092592593 0.8896175925925925 0.6686523449074074 0.8776018518518519
0 0.6565442708333333 0.8738907407407408 0.6488192708333332 0.8747717592592593 0.6504427083333333 0.8834319444444445 0.6562403657407407 0.8838444444444445 0.6565442708333333 0.8738907407407408
0 0.6645890625 0.8450796296296297 0.6640596342592593 0.8475412037037038 0.6407026041666667 0.8475541666666666 0.6439492175925926 0.863225 0.6680677083333334 0.8673486111111111 0.6645890625 0.8450796296296297
0 0.41345625 0.858712962962963 0.41764375 0.8493379629629629 0.37237682175925924 0.8501189814814815 0.3755986967592592 0.8644421296296296 0.41345625 0.858712962962963
0 0.338278125 0.8701717592592593 0.3425739583333333 0.8596680555555556 0.34634505092592593 0.851486111111111 0.30444791666666665 0.8520287037037036 0.29827239583333337 0.8682620370370371 0.29854088425925923 0.8763787037037036 0.338278125 0.8701717592592593
0 0.29290260416666664 0.8525060185185185 0.21826145833333332 0.8515513888888889 0.2032257800925926 0.8907018518518519 0.28404244907407405 0.8787657407407408 0.29290260416666664 0.8525060185185185
0 0.113609375 0.9017310185185186 0.18529713657407407 0.8921819444444444 0.19415755324074074 0.8773810185185185 0.19899036574074072 0.8621027777777778 0.20301770833333332 0.8515990740740741 0.20221224074074073 0.8515990740740741 0.0956203125 0.8549412037037037 0.106896875 0.8735615740740741 0.113609375 0.8926592592592593 0.113609375 0.9017310185185186
0 0.2134877615740741 0.851000462962963 0.21104244907407407 0.8509300925925927 0.2097984375 0.8507018518518519 0.19252526157407407 0.8918550925925927 0.19554375000000002 0.8921537037037036 0.2134877615740741 0.851000462962963
0 0.0341375 0.8549800925925927 0.026978125000000002 0.8508796296296296 0.013581770833333333 0.8710712962962963 0.024294009259259258 0.8687851851851852 0.0341375 0.8549800925925927
0 0.013581770833333333 0.8527842592592593 0.0009414074074074074 0.8535462962962964 0.000084375 0.8699282407407408 0.0037265625 0.8710712962962963 0.013581770833333333 0.8527842592592593