0 0.9964 0.8374337962962963 0.6036799490740741 0.8412921296296296 0.7136125 0.8618694444444445 0.9609611990740741 0.9081689814814815 0.9964 0.8374337962962963
0 0.9882880208333333 0.9174907407407408 0.9997395833333333 0.9236023148148148 0.9997395833333333 0.878588888888889 0.9882880208333333 0.9174907407407408
0 0.9920604166666668 0.9467518518518518 0.9746161458333333 0.9360092592592593 0.9645773425925925 0.959612962962963 0.9631307291666666 0.9917652777777778 0.9920604166666668 0.9467518518518518
0 0.9942302083333333 0.9969097222222223 0.9997395833333333 0.9995370370370371 0.9997395833333333 0.9879069444444445 0.9942302083333333 0.9969097222222223
0 0.9197364583333333 0.9763324074074075 0.9276919282407408 0.9686157407407407 0.9378174467592593 0.9750462962962964 0.9515591157407407 0.9506101851851851 0.9515591157407407 0.9313189814814814 0.8430729166666666 0.9017384259259259 0.8430729166666666 0.9338912037037036 0.9197364583333333 0.9763324074074075
0 0.8329473958333333 0.936463425925926 0.8322242199074075 0.9055967592592593 0.7758114583333333 0.8888777777777778 0.7750880208333334 0.9158856481481481 0.8329473958333333 0.936463425925926
0 0.7642395833333333 0.8863055555555556 0.7353098958333334 0.878588888888889 0.7324169282407408 0.9004527777777779 0.7693020833333334 0.9145995370370371 0.7642395833333333 0.8863055555555556
0 0.7092731759259259 0.8734444444444444 0.7071033842592592 0.8888777777777778 0.7288007800925925 0.8940222222222223 0.7288007800925925 0.878588888888889 0.7088544953703704 0.8697214791666666 0.7092731759259259 0.8734444444444444
0 0.6911940115740741 0.871985648148148 0.6904114583333333 0.8826550925925927 0.7000632824074075 0.8872935185185185 0.7000632824074075 0.8696662037037037 0.6878718634259259 0.8656841967592592 0.6911940115740741 0.871985648148148
0 0.6810203125000001 0.8654912037037037 0.6708466157407408 0.8617800925925926 0.6700638032407407 0.871985648148148 0.6802377592592592 0.8794078703703704 0.6810203125000001 0.8654912037037037
0 0.6661507800925925 0.872449537037037 0.6658901041666667 0.8613162037037037 0.6630205740740741 0.8603884259259259 0.66328125 0.8654912037037037 0.66328125 0.871985648148148 0.6661507800925925 0.872449537037037
0 0.9097726574074074 0.9987527777777778 0.914640886574074 0.9921925925925926 0.8482083333333333 0.9634981481481482 0.8479476574074073 0.9695282407407407 0.9097726574074074 0.9987527777777778
0 0.8568742199074074 0.9926101851851852 0.8578604166666667 0.9995370370370371 0.8685559907407407 0.9995370370370371 0.8568742199074074 0.9926101851851852
0 0.8336 0.9542203703703704 0.7788182291666667 0.930098611111111 0.7829921875000001 0.9370569444444444 0.834382550925926 0.9616425925925925 0.8336 0.9542203703703704
0 0.834382550925926 0.9820532407407407 0.7850789074074074 0.9542203703703704 0.7884703125 0.9621064814814815 0.8283825532407407 0.9862282407407407 0.834382550925926 0.9820532407407407
0 0.7681109374999999 0.9283203703703704 0.7360364583333334 0.9124708333333333 0.7391666666666666 0.9180375 0.7696880208333333 0.9314902777777777 0.7681109374999999 0.9283203703703704
0 0.770470574074074 0.943087037037037 0.7683835925925926 0.9454064814814814 0.7404710925925926 0.9310263888888889 0.7420361990740741 0.9384481481481481 0.765775 0.9509731481481482 0.770470574074074 0.943087037037037
0 0.7284713541666668 0.9096879629629631 0.7279494791666666 0.9101513888888889 0.7076020833333333 0.8999462962962963 0.7091671875000001 0.9045851851851852 0.7276885416666666 0.9129347222222223 0.7284713541666668 0.9096879629629631
0 0.7300364583333333 0.9296347222222222 0.7305580740740741 0.9259236111111112 0.7124575509259259 0.9170490740740741 0.7117757824074075 0.9198930555555556 0.725340886574074 0.9282430555555555 0.7300364583333333 0.9296347222222222
0 0.7016020833333334 0.8962351851851852 0.6885054699074075 0.8907486111111111 0.6901239583333334 0.8948435185185185 0.7008195300925926 0.900874074074074 0.7016020833333334 0.8962351851851852
0 0.7020296874999999 0.9139189814814814 0.7020296874999999 0.9110990740740741 0.6903335925925925 0.9047537037037037 0.689540625 0.9075740740740741 0.697271875 0.9128615740740741 0.7020296874999999 0.9139189814814814
0 0.6808182291666667 0.8888907407407408 0.671675261574074 0.8853217592592593 0.6718976574074075 0.8885384259259259 0.6800252615740741 0.8910060185185186 0.6808182291666667 0.8888907407407408
0 0.681611199074074 0.9008763888888889 0.6744747407407408 0.8969986111111111 0.6748710949074074 0.9005236111111111 0.6814130208333333 0.904048611111111 0.681611199074074 0.9008763888888889
0 0.4469911458333333 0.8387861111111111 0.43897135416666666 0.8379712962962963 0.4385130208333333 0.8469356481481481 0.4444705740740741 0.8493800925925926 0.4469911458333333 0.8387861111111111
0 0.4348466134259259 0.8400083333333334 0.4348140625 0.8392657407407407 0.42316041666666665 0.8412310185185186 0.42224375000000003 0.8510101851851851 0.43324270833333334 0.8501953703703704 0.4348466134259259 0.8400083333333334
0 0.3864976574074074 0.8546773148148148 0.38855989583333334 0.840823611111111 0.3745841134259259 0.8403657407407408 0.374353125 0.841638425925926 0.36977031250000003 0.8559 0.3864976574074074 0.8546773148148148
0 0.3672497407407408 0.839600925925926 0.33219088425925924 0.841638425925926 0.3273789050925926 0.8632342592592592 0.3615210925925926 0.8571222222222222 0.3672497407407408 0.839600925925926
0 0.32205729166666663 0.8422087962962963 0.3213700509259259 0.8430240740740741 0.26866718749999996 0.8430240740740741 0.2558351574074074 0.8731768518518519 0.3149539074074074 0.8654347222222222 0.32205729166666663 0.8422087962962963
0 0.13802005092592592 0.8609527777777778 0.14787317592592591 0.8609527777777778 0.1572679699074074 0.8609527777777778 0.15933020833333333 0.8646199074074075 0.1577263009259259 0.8674722222222222 0.14993541666666665 0.8674722222222222 0.14351953240740742 0.8674722222222222 0.14168645833333335 0.8699171296296296 0.13916588657407408 0.8911055555555556 0.1769742199074074 0.8858083333333333 0.24044661574074075 0.8748064814814815 0.25400208333333335 0.8422087962962963 0.020240886574074076 0.8487282407407407 0.016574738425925925 0.9053666666666667 0.13618697916666667 0.8886606481481482 0.13802005092592592 0.8609527777777778