0 0.9989984375 0.9141217592592592 0.9330458333333334 0.9063032407407408 0.9671213541666667 0.9766708333333334 0.9995479166666668 0.983512037037037 0.9989984375 0.9141217592592592
0 0.9172497407407407 0.9109444444444444 0.9088632824074074 0.9111898148148149 0.9368932291666666 0.9708069444444445 0.9478851550925925 0.9688523148148148 0.9172497407407407 0.9109444444444444
0 0.8907263032407408 0.9102125 0.8875653657407407 0.9074259259259259 0.7241963541666666 0.9082578703703703 0.7357380208333333 0.9307365740740741 0.9187562499999999 0.9659203703703704 0.8907263032407408 0.9102125
0 0.7077083333333334 0.9063032407407408 0.6593432291666667 0.9072805555555555 0.662640886574074 0.9248722222222222 0.7137539074074074 0.9297592592592593 0.7077083333333334 0.9063032407407408
0 0.651575261574074 0.9091851851851851 0.6296645833333334 0.9092351851851852 0.6318630208333333 0.9121671296296296 0.6527479166666666 0.9190083333333333 0.651575261574074 0.9091851851851851
0 0.9286002592592593 0.9995370370370371 0.9247916666666667 0.9864101851851852 0.9169805879629629 0.9851475370370371 0.917809375 0.9993912037037037 0.9286002592592593 0.9995370370370371
0 0.9590690115740741 0.9954402777777778 0.94605625 0.9926185185185185 0.9466911458333334 0.9988268518518518 0.9597039050925926 0.9988268518518518 0.9590690115740741 0.9954402777777778
0 0.9073356782407408 0.9995370370370371 0.905954425925926 0.9862134259259259 0.8130729166666667 0.9621416666666667 0.8191033865740741 0.9960046296296297 0.8273552083333333 0.9993912037037037 0.9073356782407408 0.9995370370370371
0 0.8060906250000001 0.9638351851851852 0.7559442708333334 0.9491611111111111 0.7588005208333334 0.9751226851851852 0.8067252615740741 0.9886675925925926 0.8060906250000001 0.9638351851851852
0 0.7841911458333334 0.9995370370370371 0.7608192708333333 0.9902768518518519 0.7632440092592593 0.9960046296296297 0.7743523449074075 0.9995370370370371 0.7841911458333334 0.9995370370370371
0 0.7488200532407409 0.9471041666666666 0.7311882800925926 0.9446458333333333 0.7369013032407408 0.96835 0.7492791666666667 0.9706074074074074 0.7488200532407409 0.9471041666666666
0 0.749913800925926 0.9835884259259259 0.7416619791666667 0.9824597222222222 0.7416619791666667 0.9864101851851852 0.75023125 0.9909254629629629 0.749913800925926 0.9835884259259259
0 0.7194450509259259 0.9638351851851852 0.7242059907407408 0.9638351851851852 0.7188216134259259 0.9405013888888889 0.7194450509259259 0.9638351851851852
0 0.7251580717592593 0.9745583333333334 0.7213929675925926 0.9725 0.7207145833333334 0.9779444444444444 0.7251580717592593 0.9796374999999999 0.7251580717592593 0.9745583333333334
0 0.7292841157407408 0.9931828703703703 0.7242497407407407 0.991800462962963 0.7264276041666667 0.9982624999999999 0.7299187500000001 0.9995370370370371 0.7292841157407408 0.9931828703703703
0 0.7119648449074073 0.9410092592592593 0.6924677083333334 0.935051388888889 0.6946893240740741 0.9542402777777779 0.7127802083333333 0.9593199074074074 0.7119648449074073 0.9410092592592593
0 0.7130973958333333 0.9706074074074074 0.6937372407407407 0.9643995370370371 0.6943718750000001 0.9666569444444444 0.7130973958333333 0.9762513888888888 0.7130973958333333 0.9706074074074074
0 0.7134148449074075 0.987538888888889 0.7133932291666667 0.9872291666666667 0.6984979166666667 0.9802018518518518 0.6984979166666667 0.9835884259259259 0.711827863425926 0.9892324074074075 0.7134148449074075 0.987538888888889
0 0.6853947916666667 0.9328828703703704 0.6721552083333334 0.9311009259259259 0.6743768217592593 0.9463388888888888 0.6858026041666667 0.949725462962963 0.6853947916666667 0.9328828703703704
0 0.6859661458333334 0.9613259259259259 0.6746942708333333 0.9564981481481482 0.6746942708333333 0.9598842592592592 0.6858026041666667 0.9655282407407407 0.6859661458333334 0.9613259259259259
0 0.6867546875 0.9728652777777778 0.6765984375 0.9689143518518519 0.6769158842592593 0.9728652777777778 0.6858026041666667 0.9768157407407407 0.6867546875 0.9728652777777778
0 0.6673945300925926 0.9294074074074075 0.6633958333333333 0.9288194444444444 0.6642205717592593 0.942388425925926 0.6673945300925926 0.9440814814814815 0.6673945300925926 0.9294074074074075
0 0.6539679675925926 0.9262800925925926 0.6439080740740741 0.9294074074074075 0.645495050925926 0.9367444444444445 0.6531122407407408 0.9401310185185184 0.6539679675925926 0.9262800925925926
0 0.42281145833333333 0.9149587962962963 0.4278895833333333 0.9081861111111111 0.42757213657407406 0.9014138888888888 0.4196947916666667 0.9013925925925925 0.41836822916666666 0.8991560185185186 0.4205898449074074 0.9132657407407407 0.42281145833333333 0.9149587962962963
0 0.3634609375 0.9031069444444445 0.3636976574074074 0.9019004629629629 0.34505286574074073 0.9002847222222222 0.34092682407407404 0.9222958333333333 0.3631434907407407 0.9189097222222222 0.3634609375 0.9031069444444445
0 0.32220130092592597 0.923424537037037 0.3298184884259259 0.9155231481481481 0.332675 0.9059287037037037 0.3368007824074074 0.9064930555555556 0.3374135416666667 0.8993611111111112 0.2958585949074074 0.8985916666666667 0.2936367199074074 0.9110083333333334 0.29300208333333333 0.9256819444444445 0.32220130092592597 0.923424537037037
0 0.26792890740740744 0.9189097222222222 0.2812588541666667 0.9172162037037036 0.28887604166666664 0.8980273148148148 0.28941614583333336 0.8968212962962964 0.21524322916666666 0.8997203703703703 0.20159583333333334 0.9380986111111111 0.26729401157407406 0.9301972222222221 0.26792890740740744 0.9189097222222222
0 0.2016828125 0.8989324074074074 0.05409974074074074 0.8978037037037038 0.019505208333333333 0.9559351851851852 0.18454400925925926 0.9373101851851852 0.2016828125 0.8989324074074074
0 0.21081380092592591 0.8991972222222222 0.2058986967592593 0.8984425925925926 0.19070416666666667 0.9379 0.1940807291666667 0.9379 0.21081380092592591 0.8991972222222222
0 0.0428578125 0.8958689814814815 0.03827526157407407 0.8958689814814815 0.0008916666666666666 0.9571995370370371 0.0033036458333333333 0.9580574074074074 0.0428578125 0.8958689814814815
0 0 0.8967268518518519 0.0013739583333333334 0.9400439814814815 0.026939583333333333 0.8945824074074075 0 0.8967268518518519