0 0.8097559907407408 0.9339907407407407 0.9997395833333333 0.9653194444444444 0.9995083912037037 0.8976429189814815 0.7962039050925925 0.8914162037037037 0.8097559907407408 0.9339907407407407
0 0.9254 0.9902212962962963 0.9303690115740741 0.9805819444444445 0.9434695300925926 0.9805819444444445 0.9443729166666667 0.994237962962963 0.9443729166666667 0.9995370370370371 0.9997395833333333 0.9990574074074074 0.9997395833333333 0.9880138888888889 0.8734505208333333 0.9604995370370369 0.8788713541666666 0.9982541666666666 0.9254 0.9990574074074074 0.9254 0.9902212962962963
0 0.851315625 0.9990574074074074 0.8666744791666666 0.9995370370370371 0.8657380208333334 0.9598203703703704 0.8147252615740741 0.945237037037037 0.826921875 0.9797787037037038 0.8341497407407408 0.9886148148148147 0.851315625 0.9990574074074074
0 0.7984627615740741 0.9299745370370371 0.7876210949074074 0.890612962962963 0.783190363425926 0.8904208333333334 0.7853625 0.8922199074074074 0.7966557291666667 0.9299745370370371 0.7984627615740741 0.9299745370370371
0 0.8038835949074075 0.9444337962962963 0.8002692708333333 0.9431935185185186 0.8079492199074074 0.9789754629629629 0.8133697916666667 0.9781722222222222 0.8038835949074075 0.9444337962962963
0 0.7742442708333334 0.8896976851851852 0.6877877615740741 0.8890064814814814 0.6914015625 0.909088888888889 0.7840072916666666 0.9251546296296297 0.7742442708333334 0.8896976851851852
0 0.7840072916666666 0.9404171296296296 0.744153125 0.9309037037037037 0.7428994791666667 0.9540731481481481 0.7849106759259259 0.9693356481481481 0.7840072916666666 0.9404171296296296
0 0.7913231759259259 0.9554828703703704 0.7953005208333332 0.9733523148148149 0.8002695300925926 0.9749587962962963 0.7913231759259259 0.9554828703703704
0 0.8052388032407407 0.994237962962963 0.7974226574074074 0.9916287037037037 0.7998179699074074 0.9982541666666666 0.8079492199074074 0.9995370370370371 0.8052388032407407 0.994237962962963
0 0.7819705717592592 0.9843995370370371 0.7451580740740741 0.9661226851851852 0.7465132824074074 0.9741555555555556 0.7835554699074074 0.9902212962962963 0.7819705717592592 0.9843995370370371
0 0.774069011574074 0.9990574074074074 0.7528374999999999 0.9886148148148147 0.7523856782407408 0.9950412037037037 0.7641309884259259 0.9995370370370371 0.774069011574074 0.9990574074074074
0 0.7360203125 0.9301810185185184 0.7099226574074073 0.9227449074074074 0.712181511574074 0.945237037037037 0.736575 0.9500569444444444 0.7360203125 0.9301810185185184
0 0.7374148425925926 0.9693356481481481 0.7372955740740741 0.9650495370370371 0.7118729166666667 0.9547606481481481 0.7118729166666667 0.9571333333333334 0.7374148425925926 0.9693356481481481
0 0.7328401041666667 0.9856055555555556 0.7347463541666666 0.9828935185185186 0.7404645833333333 0.9828935185185186 0.7388398425925926 0.982436574074074 0.7141601574074073 0.9693356481481481 0.7156851574074075 0.9737421296296297 0.7164476574074073 0.9761148148148148 0.7328401041666667 0.9856055555555556
0 0.7046296875000001 0.9218819444444444 0.6923408865740741 0.9174638888888889 0.6949085949074074 0.9384907407407407 0.7042484375 0.9405245370370371 0.7046296875000001 0.9218819444444444
0 0.7052015625 0.9537435185185186 0.7038671875 0.9506930555555556 0.6978315092592593 0.9485777777777777 0.6985302083333332 0.9513708333333334 0.7010080717592593 0.9527268518518518 0.7052015625 0.9537435185185186
0 0.6811877615740741 0.9144134259259259 0.6672697916666667 0.9120523148148147 0.6676510416666667 0.9300171296296297 0.6806125000000001 0.932050462962963 0.6811877615740741 0.9144134259259259
0 0.6811843750000001 0.9408634259259259 0.6695570324074075 0.9364569444444444 0.6707007824074074 0.9395074074074075 0.681375 0.9439138888888889 0.6811843750000001 0.9408634259259259
0 0.68099375 0.9574722222222222 0.681375 0.9527268518518518 0.6705101574074074 0.9479814814814815 0.6708914050925926 0.952387962962963 0.6760380208333333 0.9561162037037036 0.68099375 0.9574722222222222
0 0.662504425925926 0.9103574074074074 0.6523617199074074 0.9070925925925926 0.6543080740740741 0.9228990740740741 0.6628856782407406 0.926288425925926 0.662504425925926 0.9103574074074074
0 0.6634575532407406 0.9330675925925925 0.6546893217592592 0.9300171296296297 0.6554518240740741 0.9334064814814815 0.6628856782407406 0.9367958333333334 0.6634575532407406 0.9330675925925925
0 0.661932550925926 0.946286574074074 0.6638388032407407 0.9479814814814815 0.6634575532407406 0.9439138888888889 0.6564799467592592 0.9412564814814814 0.6556424467592592 0.9439138888888889 0.6613609375 0.9469648148148148 0.661932550925926 0.946286574074074
0 0.6489710949074073 0.9079847222222222 0.6442973958333333 0.9058722222222222 0.6472554675925927 0.9191703703703703 0.6489710949074073 0.9195092592592593 0.6489710949074073 0.9079847222222222
0 0.6760380208333333 0.8886648148148149 0.6434432291666666 0.888325462962963 0.6451588541666666 0.9018837962962963 0.6806125000000001 0.9059513888888888 0.6760380208333333 0.8886648148148149
0 0.63658125 0.888325462962963 0.6190450509259259 0.8862921296296297 0.6194263032407408 0.8944268518518519 0.63734375 0.8981550925925925 0.63658125 0.888325462962963
0 0.637534375 0.9052731481481481 0.6324580740740741 0.9043472222222222 0.6327690115740742 0.9134083333333334 0.637534375 0.9137472222222223 0.637534375 0.9052731481481481
0 0.6283848958333332 0.911713425925926 0.6289567708333332 0.9025615740740741 0.6246218402777778 0.9025615740740741 0.6249539050925926 0.911713425925926 0.6283848958333332 0.911713425925926
0 0.637915625 0.9222208333333334 0.6342940115740741 0.9208652777777778 0.6339127592592592 0.9232379629629629 0.6377250000000001 0.9252717592592593 0.637915625 0.9222208333333334
0 0.6291981782407406 0.9189888888888889 0.6247632824074074 0.9181537037037037 0.6257164074074074 0.9198481481481481 0.6291473958333333 0.9205263888888888 0.6291981782407406 0.9189888888888889
0 0.6390591157407407 0.9303560185185185 0.6341739583333333 0.9290550925925927 0.6339127592592592 0.932050462962963 0.6384875 0.9330675925925925 0.6390591157407407 0.9303560185185185
0 0.6285755208333333 0.9300171296296297 0.6299098958333333 0.9266273148148149 0.6272414074074073 0.9256106481481482 0.6272414074074073 0.9266273148148149 0.6262882824074074 0.9283222222222222 0.6285755208333333 0.9300171296296297
0 0.6496164074074074 0.9284453703703703 0.6455401041666667 0.926288425925926 0.6457307291666666 0.9286611111111112 0.6487804699074075 0.9300171296296297 0.6496164074074074 0.9284453703703703
0 0.39515468750000005 0.8859731481481482 0.3896369791666667 0.8849402777777777 0.38644270833333333 0.8973342592592592 0.39341224074074077 0.8994 0.39515468750000005 0.8859731481481482
0 0.38005364583333334 0.8994 0.384540625 0.8847185185185185 0.3629200532407407 0.8854569444444444 0.3617583333333333 0.8968175925925926 0.36204869907407405 0.9030148148148148 0.38005364583333334 0.8994
0 0.3495614583333333 0.8947523148148149 0.3571119791666667 0.8947523148148149 0.35578515509259256 0.8851828703703704 0.3228445324074074 0.884424074074074 0.31616510416666666 0.9066296296296296 0.3396877615740741 0.9040476851851852 0.3495614583333333 0.8947523148148149
0 0.3135515625 0.8839078703703704 0.2609885416666667 0.8818421296296296 0.2540190115740741 0.9117935185185184 0.30774349074074075 0.9071458333333333 0.3135515625 0.8839078703703704
0 0.25642005324074074 0.8826064814814815 0.2551226574074074 0.8825976851851851 0.24283619675925927 0.9127259259259259 0.24568724074074075 0.9127259259259259 0.25642005324074074 0.8826064814814815
0 0.2504127615740741 0.8833523148148148 0.24907109490740742 0.883650462962963 0.22223906250000003 0.8833523148148148 0.21854974074074074 0.9173486111111111 0.2393445324074074 0.9119805555555556 0.2504127615740741 0.8833523148148148
0 0.20479817824074076 0.8818615740740741 0.14979244675925926 0.8815629629629629 0.12530833333333333 0.9289787037037037 0.2029536458333333 0.9155592592592592 0.20479817824074076 0.8818615740740741
0 0.1427492199074074 0.8818615740740741 0.13805338657407407 0.8818615740740741 0.11558177083333333 0.9286805555555555 0.11943880324074074 0.9295754629629629 0.1427492199074074 0.8818615740740741
0 0.12937369675925925 0.8834027777777778 0.0002601574074074074 0.8833527777777778 0.00042786574074074076 0.9438898148148148 0.10507291666666667 0.9313648148148148 0.12937369675925925 0.8834027777777778