0 0.9997395833333333 0.8425782407407408 0.805464324074074 0.8387199074074074 0.8011247407407408 0.8734444444444444 0.9997395833333333 0.9055967592592593 0.9997395833333333 0.8425782407407408
0 0.9997395833333333 0.9360092592592593 0.9052716134259259 0.9107412037037037 0.9110575532407408 0.9518962962962964 0.9997395833333333 0.9930513888888889 0.9997395833333333 0.9360092592592593
0 0.9421567708333334 0.9943375000000001 0.9139505208333333 0.9814768518518519 0.9117807291666666 0.9930513888888889 0.9313083333333333 0.9994819444444445 0.9421567708333334 0.9943375000000001
0 0.817759375 0.9223162037037037 0.892976300925926 0.9506101851851851 0.8887443564814815 0.9092191967592592 0.8141432291666667 0.8875916666666667 0.817759375 0.9223162037037037
0 0.8925848958333333 0.969574074074074 0.8184825532407408 0.9351773148148148 0.8192059907407407 0.9428935185185184 0.892976300925926 0.9801907407407408 0.8925848958333333 0.969574074074074
0 0.8893601574074075 0.9956236111111111 0.8854234375 0.995037037037037 0.8257151041666667 0.9608990740740742 0.8257151041666667 0.971187962962963 0.8792348958333334 0.9995370370370371 0.8893601574074075 0.9956236111111111
0 0.7975328125 0.8804537037037037 0.7996783842592593 0.9145995370370371 0.8076338541666667 0.9197439814814815 0.805464324074074 0.8875916666666667 0.7975328125 0.8804537037037037
0 0.800953125 0.9297439814814815 0.8012132824074074 0.9343842592592593 0.8069828125 0.9379916666666667 0.8069828125 0.9326310185185185 0.800953125 0.9297439814814815
0 0.8083742199074074 0.956549537037037 0.8022570324074074 0.9514560185185185 0.8028083333333333 0.9581990740740741 0.80860625 0.9631476851851851 0.8083742199074074 0.956549537037037
0 0.7884302083333333 0.9437652777777777 0.7832601574074074 0.9410643518518519 0.7814729166666666 0.9478893518518519 0.7884302083333333 0.9528379629629629 0.7884302083333333 0.9437652777777777
0 0.7766028657407408 0.8798449074074074 0.7775304699074075 0.8769583333333334 0.7608330740740741 0.8736592592592592 0.7606010416666668 0.8794324074074075 0.7636158865740741 0.8810824074074074 0.7647755208333332 0.8773708333333333 0.7766028657407408 0.8798449074074074
0 0.70958125 0.8534523148148148 0.7415846342592592 0.8575759259259259 0.7640796875 0.860462962962963 0.7795023449074073 0.8653550925925926 0.7842557291666666 0.8394310185185185 0.7047111967592592 0.8377814814814815 0.7023921875 0.8501527777777779 0.70958125 0.8534523148148148
0 0.7406570324074074 0.8901546296296297 0.7420484375 0.8876805555555556 0.7420484375 0.8843814814814814 0.7439036458333333 0.8790203703703704 0.7485419282407407 0.8814944444444445 0.7508609374999999 0.8773708333333333 0.7538757800925926 0.8769583333333334 0.753825261574074 0.8712930555555555 0.7272062499999999 0.8641740740740741 0.7279020833333334 0.8872680555555555 0.7406570324074074 0.8901546296296297
0 0.7035515625000001 0.8703601851851852 0.7044794282407407 0.8781953703703704 0.7221044282407407 0.8827319444444444 0.7216765625 0.8638703703703704 0.704015625 0.857988425925926 0.7037835949074074 0.859225462962963 0.7033197916666667 0.8612875 0.7035515625000001 0.8703601851851852
0 0.7388018217592593 0.9041759259259259 0.7422804699074074 0.905825462962963 0.7445994791666666 0.9045884259259259 0.730653125 0.8972717592592593 0.7299893240740741 0.9017018518518518 0.7355549490740741 0.905000925925926 0.7388018217592593 0.9041759259259259
0 0.7397294282407407 0.9157226851851852 0.7332359375 0.9148981481481481 0.7339317708333333 0.9186097222222223 0.739265625 0.9223208333333334 0.7397294282407407 0.9157226851851852
0 0.7237276041666667 0.8959282407407407 0.7065664074074074 0.8880925925925927 0.7058708333333333 0.8918041666666667 0.7230320324074073 0.8979902777777778 0.7237276041666667 0.8959282407407407
0 0.7200171875 0.912423611111111 0.7230320324074073 0.9140731481481481 0.7237276041666667 0.9103615740740741 0.7085250000000001 0.9013541666666667 0.7091174467592593 0.906237962962963 0.7123643217592592 0.9091245370370371 0.7200171875 0.912423611111111
0 0.6945072916666667 0.8497407407407408 0.693076824074074 0.8482833333333333 0.6935796875 0.8365439814814815 0.6627356782407406 0.8381935185185185 0.6625039050925926 0.8443796296296296 0.6945072916666667 0.8497407407407408
0 0.6926593750000001 0.8564481481481481 0.6849989583333334 0.857163425925926 0.6873179675925926 0.8720097222222222 0.6889414050925926 0.8728342592592592 0.6926593750000001 0.8564481481481481
0 0.6805927083333333 0.858400925925926 0.6724760416666667 0.8600504629629631 0.6727078125 0.8691226851851852 0.6812885416666666 0.8691226851851852 0.6805927083333333 0.858400925925926
0 0.6678171875 0.8612726851851852 0.6620401041666667 0.8612875 0.6620401041666667 0.8621125 0.6685335925925926 0.864586574074074 0.6678171875 0.8612726851851852
0 0.6819841157407408 0.8781953703703704 0.6751236967592592 0.8738907407407408 0.6727078125 0.8769583333333334 0.6815203124999999 0.8810824074074074 0.6819841157407408 0.8781953703703704
0 0.6696929699074075 0.8724222222222222 0.6625981782407407 0.8690662037037037 0.6625039050925926 0.8728342592592592 0.6683015625000001 0.8748962962962963 0.6696929699074075 0.8724222222222222
0 0.6815203124999999 0.8922166666666667 0.6836075532407407 0.8889175925925926 0.67575 0.8853958333333333 0.6747950532407407 0.8852060185185185 0.6768822916666666 0.8901546296296297 0.6815203124999999 0.8922166666666667
0 0.7000731782407408 0.9004643518518519 0.6991453125 0.8971652777777778 0.6951643240740741 0.8957870370370371 0.6945072916666667 0.8996398148148148 0.6968263032407407 0.8992273148148149 0.7000731782407408 0.9004643518518519
0 0.6991453125 0.8856185185185185 0.6970432291666667 0.8853958333333333 0.6952028657407406 0.8872680555555555 0.6991453125 0.8872680555555555 0.6991453125 0.8856185185185185
0 0.6980869791666667 0.8750041666666667 0.6998411458333332 0.8769583333333334 0.7000731782407408 0.8691226851851852 0.6980869791666667 0.8750041666666667
0 0.6673739583333332 0.8839689814814814 0.6689973958333333 0.8860310185185185 0.6694611990740741 0.8810824074074074 0.6642682291666666 0.8779731481481482 0.6645911458333335 0.8814944444444445 0.6652867199074074 0.8843814814814814 0.6673739583333332 0.8839689814814814
0 0.41303281249999996 0.8443819444444445 0.4139830740740741 0.8397351851851852 0.39070364583333334 0.8401578703703704 0.3933166666666667 0.8469166666666667 0.4021057291666667 0.8469166666666667 0.41303281249999996 0.8443819444444445
0 0.38524010416666665 0.8477611111111111 0.38524010416666665 0.8380458333333333 0.3534088541666667 0.8372009259259259 0.3512708333333333 0.8376231481481482 0.3545966157407407 0.8502958333333334 0.38524010416666665 0.8477611111111111
0 0.3427192708333333 0.8384680555555556 0.2897466134259259 0.8388907407407408 0.2978231782407408 0.8587439814814815 0.34628255324074075 0.851562962962963 0.3427192708333333 0.8384680555555556
0 0.2905752615740741 0.8591805555555555 0.2912427083333333 0.8591805555555555 0.2930786458333334 0.8573999999999999 0.28773802083333333 0.838999537037037 0.2874041666666667 0.8440449074074075 0.2905752615740741 0.8591805555555555
0 0.28523463425925927 0.8544319444444445 0.28456692824074076 0.8476060185185185 0.2818966134259259 0.8378125 0.27478281250000003 0.8393736111111111 0.27421927083333336 0.8603675925925927 0.2830648449074074 0.8591805555555555 0.28523463425925927 0.8544319444444445
0 0.2620992199074074 0.8453805555555556 0.25859453240740743 0.8498319444444445 0.25742630324074073 0.8456773148148149 0.2570549467592593 0.8391064814814816 0.18449244907407408 0.8427092592592593 0.19500677083333334 0.8697166666666667 0.26059739583333336 0.860812962962963 0.2620992199074074 0.8453805555555556
0 0.17995494907407408 0.843599537037037 0.17457552083333333 0.8433800925925925 0.1829591134259259 0.8652648148148148 0.18512864583333336 0.8611097222222222 0.17995494907407408 0.843599537037037
0 0.18136875 0.8722425925925926 0.1671598449074074 0.842862787037037 0.08348854166666667 0.8468643518518518 0 0.8520449074074073 0.0013052083333333334 0.8680842592592592 0.010993229166666667 0.8704606481481482 0.01533619675925926 0.8924407407407408 0.18136875 0.8722425925925926