0 0.8738143333333334 0.5659349398148148 0.8744429976851852 0.5757156620370371 0.9027676435185186 0.5715228912037037 0.9166156342592593 0.5743180717592593 0.9292041249999999 0.5980722893518519 0.8983615625 0.6022650601851852 0.8725548310185185 0.603662650462963 0.8549305092592592 0.6008674699074074 0.8366775254629629 0.6092506018518519 0.8385656898148148 0.6441831319444444 0.8184234537037037 0.6511686736111111 0.8152768726851852 0.6106481921296297 0.7995407175925926 0.6092506018518519 0.8007991319444444 0.6483759027777778 0.7793984791666667 0.6483759027777778 0.7793984791666667 0.6148409629629629 0.7775103148148148 0.6148409629629629 0.7617741574074074 0.603662650462963 0.7435211736111111 0.6092506018518519 0.7435211736111111 0.6274168680555555 0.745409337962963 0.6581566273148148 0.7712160694444444 0.6707325300925926 0.8108707916666666 0.6930891574074074 0.8247176990740741 0.7014722893518518 0.855560261574074 0.718240962962963 0.867520087962963 0.7224313263888889 0.8700369166666667 0.7294192777777778 0.8889207384259259 0.7378024097222222 0.9185038009259259 0.7503783125 0.9304636273148148 0.7503783125 0.998441912037037 0.7950915671296296 0.9971834953703704 0.5561542175925926 0.9474581967592592 0.5449759027777777 0.9524929421296296 0.5337975902777777 0.968858849537037 0.5212216875 0.998441912037037 0.5170289166666667 0.9989142245370369 0.5058506018518518 0.8851433217592592 0.5123108425925926 0.8838849074074074 0.5324 0.876960912037037 0.5393855416666666 0.8738143333333334 0.5659349398148148
0 0.7133083611111111 0.6371975902777778 0.7183431041666667 0.6385951805555555 0.7137795879629629 0.6128867476851851 0.6988306180555556 0.6134433726851852 0.6887600439814814 0.6134433726851852 0.6887600439814814 0.6260192777777779 0.7133083611111111 0.6371975902777778
0 0.9329804560185185 0.7992819282407407 0.9978132453703703 0.8439975902777778 0.9972753958333334 0.8213225162037037 0.9336102060185185 0.7839132523148149 0.9329804560185185 0.7992819282407407
0 0.9203919652777778 0.7727349398148148 0.8705092291666666 0.7427975902777777 0.8687785023148149 0.7615566273148148 0.9197633009259258 0.7950915671296296 0.9203919652777778 0.7727349398148148
0 0.856818675925926 0.7386072291666667 0.8215711180555556 0.718240962962963 0.8228295324074074 0.7322120486111111 0.8574484259259259 0.7531734930555556 0.856818675925926 0.7386072291666667
0 0.8176362638888889 0.717653011574074 0.7907285555555555 0.6986771087962963 0.7907285555555555 0.7084578310185186 0.8152768726851852 0.7294192777777778 0.8176362638888889 0.717653011574074
0 0.7822312708333333 0.6956530115740741 0.7642920740740741 0.6847060231481481 0.7642920740740741 0.6902939768518519 0.7806579814814816 0.7056650601851852 0.7822312708333333 0.6956530115740741
0 0.7579978287037037 0.6805132523148147 0.744149837962963 0.6721301203703703 0.744149837962963 0.6805132523148147 0.7561096643518518 0.6916915671296296 0.7579978287037037 0.6805132523148147
0 0.7370304027777778 0.6681783125 0.724567861111111 0.6617493981481481 0.7251726388888889 0.6657831319444445 0.7368794791666666 0.6729518078703703 0.7370304027777778 0.6681783125
0 0.7194712268518519 0.6570915671296297 0.7128610208333334 0.6523397592592592 0.7128610208333334 0.6590602407407408 0.7193203032407408 0.6630939768518518 0.7194712268518519 0.6570915671296297
0 0.7076134629629629 0.6501012037037037 0.7007513564814815 0.646515662037037 0.7011552662037036 0.6501012037037037 0.7080173726851852 0.6550289166666666 0.7076134629629629 0.6501012037037037
0 0.6973203032407407 0.6433807222222222 0.6908621064814815 0.639346988425926 0.6910640601851852 0.6438289166666666 0.6969163958333333 0.6487566273148148 0.6973203032407407 0.6433807222222222
0 0.816551574074074 0.577062650462963 0.8012475578703703 0.5643228912037037 0.7934039097222223 0.5769518078703704 0.7947437569444444 0.5838554212962963 0.8161682962962963 0.5813084328703704 0.816551574074074 0.577062650462963